NUM_CAMPS,MB_TRIPS,OB_TRIPS,TOTAL_TRIPS,OPTIMAL_TRIPS_TOTAL,CAMP_POPULATION_PERCENTAGE
10,10,10,10,10.000000,10.000000
20,167,119,286,347.992021,0.884426
20,163,123,286,342.526178,0.890437
20,169,118,287,344.400000,0.889891
20,166,111,277,345.895599,0.856557
20,161,117,278,339.839679,0.877596
20,172,116,288,348.110964,0.888525
20,164,118,282,341.535407,0.880601
20,155,122,277,338.391188,0.876503
20,151,120,271,332.727273,0.870765
20,172,112,284,346.249167,0.880328
21,205,116,321,379.920850,0.904502
21,201,113,314,373.707649,0.899037
21,187,124,311,364.493138,0.909966
21,199,118,317,371.411890,0.909966
21,192,123,315,372.360812,0.902940
21,206,121,327,380.115245,0.914650
21,201,122,323,376.148182,0.918553
21,193,118,311,363.274468,0.909706
21,194,119,313,369.882841,0.905803
21,196,118,314,374.752174,0.893833
22,199,122,321,381.673361,0.893691
22,199,118,317,380.740453,0.883507
22,194,119,313,385.717172,0.868852
22,199,127,326,384.101844,0.904372
22,200,119,319,382.230357,0.887481
22,209,120,329,393.860839,0.889965
22,203,121,324,380.520420,0.900894
22,207,112,319,388.473684,0.884501
22,198,115,313,381.282300,0.883010
22,195,121,316,382.391344,0.881520
23,216,120,336,411.949898,0.876218
23,206,120,326,398.181660,0.874555
23,217,114,331,400.914820,0.881445
23,210,120,330,397.302632,0.888335
23,216,120,336,404.064000,0.890473
23,215,116,331,411.939385,0.860062
23,210,117,327,404.093658,0.871228
23,213,113,326,401.208772,0.870516
23,213,118,331,404.406096,0.873842
23,212,110,322,407.363390,0.852934
24,217,110,327,423.528163,0.833789
24,211,116,327,418.956826,0.835155
24,213,112,325,417.124489,0.832423
24,214,116,330,416.842105,0.851093
24,209,105,314,416.894800,0.810792
24,213,114,327,415.803127,0.842896
24,217,108,325,421.061947,0.827413
24,201,121,322,407.792388,0.841302
24,217,106,323,430.013944,0.805556
24,208,115,323,416.138457,0.831512
25,225,119,344,444.199831,0.834754
25,217,114,331,432.170377,0.828634
25,219,117,336,437.699317,0.828634
25,213,121,334,432.875354,0.833880
25,219,112,331,437.160797,0.815519
25,211,123,334,434.228474,0.823169
25,226,108,334,443.684669,0.812240
25,223,125,348,445.093654,0.838689
25,227,114,341,449.589337,0.816612
25,219,121,340,442.532006,0.828852
26,225,107,332,463.514085,0.777638
26,224,123,347,456.336650,0.818201
26,219,126,345,464.096692,0.799075
26,226,126,352,464.066500,0.811896
26,223,128,351,460.451613,0.817570
26,226,129,355,463.399177,0.822194
26,219,127,346,446.991040,0.826187
26,221,123,344,455.665924,0.811686
26,233,112,345,477.738650,0.780160
26,217,126,343,453.583658,0.804960
27,232,128,360,484.675749,0.799433
27,232,125,357,482.873529,0.793159
27,226,116,342,486.840104,0.755717
27,229,124,353,487.880559,0.773932
27,227,122,349,486.159853,0.770289
27,233,113,346,477.271357,0.780409
27,229,124,353,480.223844,0.789314
27,232,123,355,482.280726,0.794171
27,223,130,353,480.885856,0.789314
27,230,120,350,478.779070,0.782433
28,245,146,391,505.419778,0.831772
28,241,164,405,502.352941,0.854020
28,251,149,400,510.485679,0.836846
28,237,156,393,496.849741,0.843677
28,248,142,390,505.785877,0.825917
28,247,155,402,510.242259,0.841725
28,247,149,396,505.758724,0.838407
28,246,156,402,509.233127,0.841920
28,239,162,401,498.477438,0.850507
28,236,160,396,508.292585,0.832943
29,252,157,409,525.178563,0.832297
29,252,162,414,527.261339,0.835123
29,250,162,412,520.096099,0.845110
29,254,155,409,527.347668,0.826832
29,243,172,415,517.117868,0.849633
29,256,151,407,529.269542,0.817223
29,248,158,406,516.081916,0.837950
29,248,165,413,521.482512,0.840023
29,255,157,412,526.609827,0.832862
29,252,159,411,524.826035,0.832862
30,265,164,429,547.214219,0.835337
30,268,168,436,544.751934,0.845902
30,268,164,432,545.339158,0.845173
30,260,169,429,541.054445,0.843534
30,263,163,426,543.387546,0.832787
30,263,168,431,539.979461,0.843169
30,263,172,435,539.207496,0.856831
30,260,168,428,537.693364,0.844991
30,262,163,425,538.111162,0.835519
30,258,176,434,537.603791,0.858652
31,273,179,452,558.648366,0.862330
31,266,172,438,552.049322,0.838357
31,271,176,447,560.157058,0.849815
31,262,174,436,551.243147,0.836771
31,266,170,436,555.951450,0.834303
31,267,163,430,552.148031,0.827957
31,256,180,436,543.013831,0.848934
31,265,176,441,550.570643,0.851754
31,260,177,437,548.837946,0.844350
31,266,173,439,555.283612,0.839415
32,276,172,448,568.100476,0.836749
32,268,173,441,560.802606,0.839652
32,271,181,452,567.033419,0.847165
32,271,189,460,563.666039,0.861851
32,279,177,456,568.640545,0.853484
32,278,182,460,574.852753,0.846824
32,272,184,456,568.519481,0.847848
32,274,180,454,565.424075,0.854679
32,273,177,450,567.931034,0.843750
32,271,171,442,558.315789,0.841530
33,284,179,463,584.093796,0.840702
33,278,174,452,580.154729,0.830932
33,275,169,444,578.368421,0.812717
33,276,176,452,576.235592,0.832754
33,278,166,444,580.497077,0.819010
33,282,165,447,585.941611,0.813545
33,277,184,461,579.633354,0.843848
33,277,180,457,581.137713,0.837059
33,283,193,476,579.666062,0.864050
33,278,176,454,575.384260,0.837887
34,278,192,470,591.732092,0.843780
34,287,185,472,595.454988,0.839441
34,278,190,468,590.528493,0.842012
34,284,195,479,594.403271,0.853423
34,291,192,483,602.129032,0.848762
34,288,188,476,598.801456,0.845869
34,286,185,471,591.435318,0.845548
34,281,181,462,587.005105,0.834137
34,281,200,481,591.809769,0.859691
34,281,188,469,586.674306,0.846834
35,288,205,493,596.010759,0.867760
35,289,203,492,600.354353,0.867760
35,297,208,505,608.450903,0.880250
35,291,210,501,606.254487,0.871351
35,292,211,503,606.954597,0.876815
35,291,205,496,602.480561,0.874941
35,290,217,507,604.380235,0.880406
35,282,213,495,596.402370,0.875410
35,288,212,500,595.039019,0.884621
35,291,213,504,603.951356,0.881187
36,300,209,509,623.984369,0.866727
36,289,214,503,611.170048,0.868549
36,302,202,504,620.974752,0.862022
36,293,211,504,608.123077,0.879478
36,297,194,491,615.431507,0.846539
36,303,203,506,626.956554,0.849120
36,294,211,505,619.080759,0.862933
36,297,211,508,616.108984,0.872495
36,291,214,505,606.441852,0.876746
36,294,214,508,615.995583,0.874924
37,295,226,521,625.255406,0.886870
37,305,230,535,628.685352,0.897061
37,311,221,532,637.552566,0.877861
37,293,234,527,621.008876,0.895289
37,301,221,522,626.122586,0.882292
37,305,229,534,627.401353,0.896618
37,307,226,533,634.260633,0.883621
37,302,230,532,628.980618,0.891892
37,299,225,524,627.410080,0.884951
37,302,220,522,628.125467,0.875646
38,307,225,532,645.304029,0.873454
38,302,225,527,639.239142,0.871441
38,303,220,523,644.390858,0.862238
38,306,222,528,640.675624,0.870290
38,314,221,535,645.452811,0.875324
38,312,223,535,643.777470,0.874748
38,312,220,532,644.629378,0.870578
38,304,226,530,642.205959,0.873310
38,305,231,536,638.462487,0.884383
38,307,231,538,643.711631,0.881219
39,311,238,549,658.744620,0.881743
39,315,229,544,659.396739,0.873897
39,305,239,544,653.734299,0.880062
39,320,230,550,663.289963,0.879081
39,308,224,532,649.261970,0.864369
39,310,239,549,650.757848,0.889169
39,312,234,546,662.834155,0.865910
39,307,233,540,653.992873,0.874457
39,313,230,543,659.304355,0.869973
39,308,238,546,661.259460,0.872916
40,320,239,559,677.463576,0.873361
40,327,233,560,676.324039,0.874044
40,316,236,552,666.882324,0.874727
40,326,237,563,677.710903,0.879098
40,316,243,559,671.791167,0.881831
40,315,241,556,669.064606,0.874454
40,313,234,547,662.701092,0.875546
40,315,239,554,664.800000,0.878142
40,319,225,544,671.174785,0.857650
40,315,235,550,665.124732,0.870355
41,328,251,579,694.855566,0.882980
41,317,251,568,690.713776,0.868719
41,317,253,570,679.489990,0.880581
41,331,242,573,696.229798,0.869785
41,328,251,579,695.857280,0.879382
41,320,249,569,683.729500,0.877649
41,324,235,559,692.108416,0.852726
41,325,254,579,692.529412,0.879915
41,324,244,568,694.314761,0.865520
41,322,245,567,686.382865,0.870852
42,327,275,602,701.587870,0.897736
42,328,271,599,706.772183,0.895134
42,325,267,592,690.247573,0.902290
42,331,261,592,705.553109,0.880692
42,332,261,593,706.087994,0.883164
42,327,258,585,702.987805,0.879781
42,331,259,590,705.466708,0.882384
42,339,252,591,709.643181,0.880432
42,332,267,599,699.045551,0.896956
42,320,274,594,695.533821,0.897866
43,345,274,619,726.351178,0.895285
43,331,270,601,709.993845,0.890202
43,338,275,613,718.239577,0.900623
43,331,269,600,706.373429,0.890202
43,336,283,619,720.122856,0.904943
43,342,277,619,721.402695,0.902656
43,334,276,610,726.735806,0.883721
43,339,271,610,719.222355,0.892362
43,336,284,620,718.312721,0.905198
43,330,280,610,713.131778,0.903037
44,335,281,616,728.238438,0.889841
44,338,280,618,724.117579,0.894560
44,334,283,617,726.115756,0.896175
44,337,280,617,721.895379,0.897168
44,344,290,634,737.285962,0.904993
44,342,272,614,733.738201,0.882389
44,344,289,633,736.123050,0.904744
44,344,290,634,733.999712,0.905489
44,337,286,623,733.391228,0.893815
44,332,283,615,721.968217,0.897665
45,345,273,618,746.878485,0.876381
45,348,279,627,748.853517,0.881360
45,343,290,633,741.606914,0.898239
45,342,294,636,746.715141,0.895932
45,351,294,645,758.688045,0.892410
45,343,288,631,745.307659,0.892532
45,353,284,637,753.367083,0.889496
45,356,284,640,753.883565,0.893260
45,347,276,623,744.076142,0.879660
45,345,294,639,744.400198,0.901518
46,356,289,645,759.386014,0.894987
46,363,296,659,769.305505,0.898788
46,365,296,661,773.141309,0.898788
46,361,293,654,770.413098,0.893086
46,359,285,644,765.488845,0.885721
46,362,296,658,768.138122,0.901996
46,362,291,653,769.558169,0.896769
46,365,279,644,765.921447,0.886909
46,364,297,661,773.248749,0.902115
46,356,286,642,768.209808,0.875980
47,375,298,673,792.290309,0.894896
47,362,292,654,775.334804,0.885595
47,365,296,661,776.887264,0.891989
47,361,294,655,772.368385,0.892106
47,369,293,662,787.097318,0.886757
47,367,305,672,782.438338,0.902104
47,364,306,670,782.333695,0.896989
47,367,289,656,786.706079,0.883037
47,363,311,674,775.113518,0.911522
47,366,298,664,776.909808,0.896524
48,373,314,687,797.068815,0.899135
48,361,302,663,785.195092,0.888775
48,374,306,680,794.826347,0.896175
48,373,304,677,796.086747,0.892190
48,371,305,676,792.048019,0.895378
48,376,298,674,797.469828,0.883197
48,370,298,668,789.201345,0.885587
48,370,302,672,793.820334,0.889003
48,372,301,673,790.113873,0.892418
48,376,301,677,796.193332,0.892077
49,382,315,697,808.224363,0.906658
49,372,336,708,802.811836,0.923943
49,370,326,696,796.863126,0.913460
49,373,315,688,799.028105,0.905320
49,374,324,698,804.494344,0.911676
49,376,318,694,801.842288,0.906881
49,370,327,697,801.281923,0.911230
49,369,331,700,803.597491,0.914799
49,384,314,698,810.327033,0.905320
49,368,314,682,793.395693,0.901193
50,376,338,714,812.574627,0.918033
50,379,325,704,810.672036,0.908634
50,386,322,708,820.960588,0.905683
50,381,322,703,813.719165,0.909945
50,382,326,708,818.678125,0.909071
50,380,324,704,817.254504,0.901639
50,376,327,703,814.234177,0.908962
50,381,329,710,815.528496,0.915519
50,381,335,716,821.286198,0.915628
50,377,334,711,809.462486,0.913115
51,381,343,724,823.935130,0.921676
51,394,339,733,839.088556,0.918676
51,380,342,722,816.086472,0.925104
51,379,339,718,824.242804,0.915461
51,381,346,727,823.933333,0.923069
51,381,338,719,826.407266,0.913533
51,381,336,717,822.993605,0.914926
51,374,340,714,813.248963,0.919747
51,381,332,713,819.410048,0.911925
51,386,344,730,834.937500,0.914176
52,393,346,739,846.452094,0.915826
52,393,357,750,843.317972,0.929067
52,387,349,736,838.976521,0.919084
52,385,344,729,837.417190,0.910887
52,391,345,736,846.582376,0.912043
52,379,347,726,830.162942,0.914040
52,394,343,737,848.142702,0.912884
52,384,344,728,833.551678,0.917823
52,391,354,745,842.474153,0.922972
52,396,351,747,850.395023,0.917612
53,394,360,754,861.371731,0.919786
53,393,344,737,840.762526,0.915868
53,395,353,748,855.323273,0.918548
53,396,354,750,860.145442,0.916692
53,394,363,757,853.142343,0.924941
53,395,356,751,857.237731,0.921435
53,400,354,754,862.794479,0.917517
53,401,361,762,859.476451,0.928549
53,395,363,758,863.500352,0.920713
53,399,353,752,858.379193,0.920198
54,406,359,765,869.434158,0.925420
54,405,361,766,875.808400,0.915908
54,398,364,762,864.334711,0.922384
54,404,364,768,865.181943,0.926432
54,406,364,770,869.516627,0.926230
54,409,354,763,877.658713,0.913884
54,405,361,766,866.484890,0.924914
54,401,361,762,871.436639,0.915908
54,404,360,764,868.997238,0.920259
54,403,367,770,867.731782,0.926634
55,415,363,778,885.610722,0.923000
55,409,368,777,880.290973,0.922305
55,413,366,779,889.868914,0.917735
55,408,374,782,885.855937,0.925286
55,399,370,769,876.456234,0.919324
55,408,363,771,881.831250,0.915152
55,409,376,785,882.993406,0.931545
55,404,365,769,880.243944,0.914853
55,406,374,780,882.002022,0.922305
55,406,368,774,885.262500,0.916145
56,420,381,801,906.231839,0.925644
56,421,383,804,910.329466,0.921741
56,416,385,801,902.942251,0.928376
56,418,382,800,896.980306,0.930718
56,423,378,801,907.935848,0.924863
56,408,374,782,891.229537,0.920277
56,416,382,798,899.164816,0.927888
56,416,379,795,893.133085,0.932963
56,414,379,793,898.073157,0.923692
56,419,381,800,896.489885,0.932475
57,412,393,805,900.767539,0.935193
57,426,388,814,924.524608,0.922347
57,424,388,812,913.204528,0.929729
57,410,390,800,901.360985,0.927620
57,427,388,815,918.757700,0.929441
57,425,379,804,918.769062,0.921005
57,420,380,800,914.699112,0.919567
57,428,384,812,915.276853,0.925319
57,418,380,798,902.617437,0.925031
57,422,394,816,912.195477,0.932221
58,438,401,839,938.767236,0.935274
58,431,406,837,938.210793,0.932165
58,429,395,824,927.557111,0.932636
58,435,397,832,938.353841,0.926606
58,426,391,817,925.665884,0.925382
58,430,388,818,924.529017,0.926983
58,427,398,825,922.518963,0.932636
58,427,387,814,919.616392,0.925099
58,433,402,835,933.996206,0.934520
58,431,401,832,933.000317,0.933107
59,443,395,838,952.308810,0.921182
59,424,402,826,934.149157,0.925350
59,430,392,822,936.195570,0.920441
59,439,401,840,949.484925,0.929054
59,442,407,849,951.588602,0.929425
59,426,405,831,936.566493,0.928313
59,435,398,833,948.023717,0.920256
59,434,403,837,942.836620,0.925720
59,434,397,831,939.803813,0.928499
59,441,398,839,946.768708,0.923590
60,443,415,858,959.059351,0.935883
60,448,409,857,966.998253,0.928051
60,448,408,856,964.185474,0.926503
60,447,412,859,967.663897,0.927869
60,442,414,856,963.789992,0.928324
60,453,403,856,971.058994,0.922769
60,434,412,846,956.650875,0.925228
60,448,404,852,965.523790,0.925683
60,444,408,852,960.764096,0.929326
60,450,399,849,962.819665,0.923133
61,459,420,879,990.338817,0.930126
61,445,417,862,972.461445,0.931291
61,449,416,865,978.317629,0.925020
61,450,416,866,980.044404,0.923497
61,445,426,871,971.714271,0.935232
61,434,416,850,962.327586,0.926722
61,446,410,856,965.107363,0.925826
61,445,415,860,972.859749,0.927618
61,445,413,858,969.614699,0.930305
61,446,413,859,974.295570,0.927797
62,454,417,871,990.415514,0.920589
62,458,427,885,993.588957,0.927904
62,453,422,875,990.101725,0.928962
62,456,414,870,984.836875,0.924996
62,449,425,874,981.336368,0.930724
62,451,417,868,986.905301,0.923850
62,458,421,879,988.319691,0.926935
62,460,421,881,995.302798,0.923674
62,453,407,860,981.843429,0.917768
62,455,420,875,987.246420,0.926494
63,471,427,898,1010.348590,0.931737
63,465,428,893,997.229465,0.935727
63,471,426,897,1018.166092,0.924538
63,463,418,881,1002.571217,0.924798
63,468,428,896,1015.231843,0.924191
63,466,420,886,1000.557743,0.924798
63,464,426,890,1002.815676,0.927140
63,465,427,892,1003.695881,0.930697
63,468,434,902,1010.509960,0.934166
63,463,429,892,1003.304195,0.930697
64,469,443,912,1019.601375,0.935536
64,479,428,907,1022.896870,0.929047
64,467,438,905,1025.281486,0.926486
64,476,445,921,1024.188378,0.934426
64,475,429,904,1017.358317,0.929986
64,461,431,892,995.057053,0.936561
64,458,436,894,1007.750529,0.931694
64,470,444,914,1020.570884,0.936390
64,468,440,908,1016.585030,0.936305
64,466,433,899,1021.250048,0.921021
65,470,448,918,1029.569112,0.932493
65,478,446,924,1033.666886,0.934594
65,490,449,939,1040.272422,0.938798
65,488,442,930,1038.328327,0.934594
65,481,439,920,1037.879363,0.925011
65,478,449,927,1036.340695,0.935939
65,477,454,931,1038.470086,0.936864
65,480,448,928,1033.089378,0.937201
65,478,447,925,1033.424908,0.937116
65,480,464,944,1043.285329,0.945355
66,489,452,941,1054.989140,0.934095
66,484,458,942,1052.592839,0.930121
66,477,454,931,1043.003246,0.935503
66,489,458,947,1058.767565,0.934261
66,479,451,930,1045.860335,0.933019
66,481,446,927,1053.769976,0.920185
66,482,453,935,1041.494974,0.939394
66,486,460,946,1058.531406,0.932853
66,491,448,939,1056.965704,0.930783
66,487,444,931,1050.898879,0.927140
67,486,458,944,1058.664959,0.933692
67,491,460,951,1064.859452,0.935894
67,488,457,945,1058.721217,0.932632
67,492,468,960,1068.302777,0.938830
67,482,464,946,1056.847927,0.935813
67,500,460,960,1077.692730,0.932306
67,497,462,959,1071.273597,0.934426
67,489,447,936,1059.187448,0.924721
67,495,464,959,1071.468835,0.934426
67,499,455,954,1069.097340,0.935242
68,493,472,965,1084.285327,0.933221
68,496,460,956,1073.010192,0.929122
68,501,476,977,1084.548439,0.942221
68,503,464,967,1091.262175,0.927596
68,501,462,963,1081.940412,0.932417
68,499,475,974,1078.524293,0.940132
68,497,467,964,1081.794210,0.931292
68,496,467,963,1072.835452,0.934748
68,494,462,956,1078.653006,0.928640
68,498,456,954,1075.518753,0.930890
69,505,478,983,1096.302862,0.936485
69,507,481,988,1092.327817,0.939891
69,499,474,973,1087.744223,0.935693
69,507,474,981,1093.685944,0.937436
69,499,468,967,1088.650945,0.929120
69,501,472,973,1091.998133,0.929912
69,504,479,983,1100.970463,0.934743
69,505,469,974,1093.606438,0.929991
69,504,472,976,1093.712460,0.933951
69,507,465,972,1097.901780,0.924368
70,514,480,994,1113.134015,0.937237
70,507,493,1000,1112.462006,0.938798
70,507,484,991,1105.137112,0.939110
70,507,488,995,1108.054421,0.938954
70,503,490,993,1103.429042,0.941374
70,509,479,988,1104.676617,0.936846
70,507,481,988,1101.983457,0.934270
70,516,488,1004,1111.890724,0.942779
70,516,477,993,1111.431193,0.934973
70,522,478,1000,1110.629443,0.939110
71,522,495,1017,1131.809936,0.936273
71,526,485,1011,1133.677656,0.932887
71,506,495,1001,1119.758330,0.934426
71,522,490,1012,1128.856113,0.938197
71,518,490,1008,1127.103614,0.935889
71,526,491,1017,1134.920639,0.937659
71,525,488,1013,1132.986916,0.935273
71,511,491,1002,1119.623839,0.936735
71,515,491,1006,1124.286771,0.933426
71,515,480,995,1116.314222,0.934426
72,529,504,1033,1145.594479,0.941712
72,524,496,1020,1135.670103,0.936931
72,527,498,1025,1143.072366,0.937614
72,533,504,1037,1148.773499,0.940726
72,521,501,1022,1137.800760,0.938373
72,528,491,1019,1137.632944,0.933591
72,518,490,1008,1131.680982,0.932149
72,519,491,1010,1127.489621,0.937083
72,529,496,1025,1140.947875,0.938828
72,525,488,1013,1136.229505,0.933971
73,535,498,1033,1148.647162,0.937046
73,530,505,1035,1158.585973,0.934052
73,535,502,1037,1158.010783,0.935549
73,532,502,1034,1154.757231,0.935025
73,521,512,1033,1144.360809,0.941088
73,533,506,1039,1153.686393,0.938992
73,522,502,1024,1142.252505,0.937420
73,527,496,1023,1141.899816,0.934875
73,530,505,1035,1149.435946,0.938169
73,526,505,1031,1152.563096,0.935399
74,534,510,1044,1164.951220,0.934795
74,533,514,1047,1161.884291,0.941441
74,534,512,1046,1162.871029,0.940112
74,543,508,1051,1174.116647,0.936642
74,537,522,1059,1167.736992,0.945724
74,543,509,1052,1173.008152,0.936789
74,537,519,1056,1169.093525,0.939965
74,539,511,1050,1167.797306,0.935903
74,539,510,1049,1170.434045,0.936494
74,543,514,1057,1182.087208,0.934205
75,541,522,1063,1180.872117,0.940036
75,543,520,1063,1183.746450,0.938361
75,539,525,1064,1182.940462,0.939454
75,539,519,1058,1177.509731,0.937996
75,547,515,1062,1182.728822,0.936248
75,545,520,1065,1181.754790,0.941202
75,547,515,1062,1185.807842,0.934062
75,548,521,1069,1194.109628,0.933843
75,544,518,1062,1182.632860,0.936466
75,549,519,1068,1188.446570,0.934718
76,551,524,1075,1196.662398,0.938309
76,558,519,1077,1208.074522,0.935864
76,555,524,1079,1201.692184,0.939747
76,559,529,1088,1210.552320,0.935433
76,558,526,1084,1207.744292,0.937518
76,543,525,1068,1190.299223,0.936224
76,542,521,1063,1193.140505,0.931982
76,547,531,1078,1195.600000,0.939172
76,550,522,1072,1189.514600,0.937015
76,546,521,1067,1190.998074,0.933492
77,571,542,1113,1225.256484,0.942516
77,565,531,1096,1223.750872,0.937123
77,552,523,1075,1200.588492,0.936626
77,568,536,1104,1221.456030,0.941736
77,557,531,1088,1216.457034,0.936839
77,565,530,1095,1221.086182,0.936484
77,566,524,1090,1214.549265,0.935917
77,560,533,1093,1219.241846,0.937123
77,555,528,1083,1214.722041,0.932439
77,555,530,1085,1210.892999,0.937478
78,567,545,1112,1237.926065,0.937158
78,570,536,1106,1233.844783,0.936388
78,557,534,1091,1222.653215,0.932325
78,567,540,1107,1235.829657,0.935617
78,564,544,1108,1230.402365,0.938840
78,569,540,1109,1236.804907,0.936038
78,556,532,1088,1219.674232,0.932535
78,567,538,1105,1230.325273,0.936248
78,560,543,1103,1229.345046,0.935267
78,561,536,1097,1225.432619,0.935197
79,573,553,1126,1241.881446,0.943488
79,573,565,1138,1254.064029,0.943488
79,578,549,1127,1244.218328,0.943280
79,581,551,1132,1247.832558,0.946185
79,569,552,1121,1244.340986,0.940375
79,573,548,1121,1235.989704,0.945286
79,571,559,1130,1249.820978,0.942173
79,569,557,1126,1238.480067,0.946669
79,576,557,1133,1250.937910,0.945286
79,577,550,1127,1246.789027,0.942035
80,581,560,1141,1266.816320,0.940984
80,579,554,1133,1250.914027,0.940710
80,580,549,1129,1269.279681,0.930328
80,579,556,1135,1260.059149,0.938525
80,571,562,1133,1260.323684,0.936885
80,576,552,1128,1253.618766,0.940369
80,573,563,1136,1262.126432,0.939822
80,582,549,1131,1265.019482,0.933743
80,574,550,1124,1253.264280,0.937910
80,579,553,1132,1260.360484,0.939891
81,587,561,1148,1272.379542,0.939891
81,588,558,1146,1267.509178,0.942319
81,585,556,1141,1276.552419,0.933954
81,584,567,1151,1274.560959,0.942387
81,589,559,1148,1272.284411,0.940295
81,588,563,1151,1276.086238,0.939014
81,582,561,1143,1269.590783,0.940228
81,588,564,1152,1280.067166,0.938744
81,581,556,1137,1269.872740,0.934359
81,589,562,1151,1275.132511,0.938744
82,585,580,1165,1286.291664,0.942223
82,595,578,1173,1291.892697,0.944556
82,592,573,1165,1286.859772,0.946355
82,600,572,1172,1301.875194,0.939957
82,593,572,1165,1288.852109,0.943956
82,591,565,1156,1284.863047,0.938291
82,591,571,1162,1284.680763,0.944289
82,590,573,1163,1291.399882,0.940091
82,590,564,1154,1280.648129,0.940024
82,597,566,1163,1288.729730,0.942490
83,604,573,1177,1311.144334,0.937323
83,602,584,1186,1301.412657,0.947199
83,600,572,1172,1295.880323,0.942261
83,604,577,1181,1304.122792,0.943446
83,602,573,1175,1304.515386,0.938179
83,583,580,1163,1293.651190,0.940549
83,586,577,1163,1295.738796,0.939035
83,588,567,1155,1293.753319,0.932319
83,596,576,1172,1297.107840,0.942722
83,598,573,1171,1307.625276,0.937257
84,602,580,1182,1320.856644,0.934166
84,603,586,1189,1318.423718,0.942818
84,609,585,1194,1318.736025,0.944119
84,602,588,1190,1319.627759,0.940736
84,604,580,1184,1312.974174,0.938329
84,602,589,1191,1317.979411,0.944314
84,608,572,1180,1316.325109,0.935142
84,610,570,1180,1318.717557,0.935597
84,609,582,1191,1328.499528,0.939110
84,613,580,1193,1321.619775,0.941387
85,611,589,1200,1331.003993,0.941048
85,610,595,1205,1331.801549,0.945677
85,606,592,1198,1332.681828,0.941369
85,611,595,1206,1335.754059,0.939698
85,619,590,1209,1343.861298,0.940984
85,615,584,1199,1326.112415,0.945291
85,618,590,1208,1336.826978,0.945034
85,617,594,1211,1331.997242,0.944327
85,621,595,1216,1346.063194,0.941626
85,617,584,1201,1330.784656,0.941755
86,621,598,1219,1348.276197,0.942432
86,614,603,1217,1340.975005,0.947071
86,628,590,1218,1347.170145,0.944529
86,624,599,1223,1355.940402,0.939891
86,618,596,1214,1340.108859,0.942305
86,627,597,1224,1352.760674,0.944402
86,624,602,1226,1356.113860,0.941988
86,623,595,1218,1348.591811,0.942432
86,624,596,1220,1342.400895,0.945609
86,618,604,1222,1357.701094,0.940463
87,623,606,1229,1359.001875,0.943282
87,625,601,1226,1361.452605,0.942843
87,628,609,1237,1367.658125,0.939954
87,629,599,1228,1373.348412,0.935557
87,619,607,1226,1365.261663,0.938069
87,629,596,1225,1361.291617,0.938006
87,631,591,1222,1359.571069,0.935745
87,622,598,1220,1359.150514,0.937504
87,628,597,1225,1364.052665,0.937001
87,627,599,1226,1362.688216,0.938886
88,632,610,1242,1373.989696,0.942437
88,625,607,1232,1370.553191,0.939146
88,631,618,1249,1377.286771,0.945293
88,630,617,1247,1383.608103,0.943492
88,641,606,1247,1379.047384,0.943430
88,634,606,1240,1376.125698,0.941443
88,632,611,1243,1376.987824,0.944424
88,624,611,1235,1366.621315,0.940325
88,637,609,1246,1383.356360,0.940201
88,632,614,1246,1376.712453,0.942126
89,641,622,1263,1405.663592,0.938908
89,645,618,1263,1396.786922,0.945724
89,643,618,1261,1399.325952,0.940014
89,646,615,1261,1399.707422,0.942592
89,644,612,1256,1394.632670,0.943206
89,648,628,1276,1409.154597,0.946276
89,646,620,1266,1398.585227,0.941303
89,643,623,1266,1402.771753,0.941978
89,648,624,1272,1401.127012,0.941180
89,637,615,1252,1388.109190,0.943943
90,656,632,1288,1420.474086,0.943291
90,655,625,1280,1421.550910,0.938980
90,644,621,1265,1407.359497,0.939951
90,643,623,1266,1403.164199,0.942623
90,643,627,1270,1407.787051,0.940194
90,661,624,1285,1421.448721,0.941834
90,648,622,1270,1409.779605,0.939769
90,655,623,1278,1408.596667,0.941894
90,645,625,1270,1404.950296,0.941044
90,643,626,1269,1410.095129,0.940316
91,659,629,1288,1427.273356,0.941512
91,652,636,1288,1424.335215,0.940491
91,655,631,1286,1426.861083,0.941692
91,657,634,1291,1427.937234,0.941572
91,663,636,1299,1438.409934,0.943434
91,651,631,1282,1419.208004,0.941632
91,649,635,1284,1415.775144,0.944695
91,663,638,1301,1435.089952,0.947817
91,652,633,1285,1424.707390,0.938690
91,647,637,1284,1419.440520,0.943854
92,666,646,1312,1453.308244,0.942861
92,662,643,1305,1436.293391,0.945830
92,663,634,1297,1436.787209,0.941138
92,651,631,1282,1437.192169,0.935020
92,665,641,1306,1444.950779,0.941791
92,669,648,1317,1451.778433,0.944405
92,666,635,1301,1437.718149,0.943158
92,661,637,1298,1432.522321,0.944167
92,656,635,1291,1439.422252,0.935317
92,660,636,1296,1438.613833,0.939178
93,665,647,1312,1452.004682,0.944004
93,672,647,1319,1456.058961,0.944709
93,665,650,1315,1451.360895,0.944650
93,673,644,1317,1458.012294,0.939421
93,667,644,1311,1456.200822,0.940302
93,671,645,1316,1460.134559,0.940302
93,666,638,1304,1457.079378,0.934132
93,673,648,1321,1461.204927,0.942887
93,679,643,1322,1458.330179,0.946002
93,666,640,1306,1443.487076,0.943064
94,679,657,1336,1473.196923,0.944599
94,668,652,1320,1461.361823,0.943030
94,681,651,1332,1472.467322,0.945820
94,681,645,1326,1475.315439,0.937740
94,672,651,1323,1464.965948,0.943146
94,680,658,1338,1473.324542,0.948262
94,671,644,1315,1461.186616,0.937682
94,686,660,1346,1484.890143,0.942216
94,681,648,1329,1474.552245,0.940763
94,681,662,1343,1480.061887,0.944716
95,676,651,1327,1476.567780,0.942249
95,679,663,1342,1484.705995,0.942652
95,681,669,1350,1492.986641,0.943745
95,683,657,1340,1488.936469,0.940293
95,686,656,1342,1494.597694,0.936727
95,684,660,1344,1485.878537,0.943227
95,686,662,1348,1488.975157,0.943342
95,684,658,1342,1489.160018,0.941731
95,692,663,1355,1492.629261,0.946391
95,680,664,1344,1488.055025,0.942364
96,685,666,1351,1494.889967,0.943420
96,686,674,1360,1497.867218,0.947006
96,691,673,1364,1503.875486,0.945754
96,696,677,1373,1518.467989,0.943704
96,679,666,1345,1495.409151,0.938866
96,696,673,1369,1507.401567,0.946380
96,698,670,1368,1515.800946,0.941428
96,693,667,1360,1500.972484,0.946380
96,684,661,1345,1495.030686,0.937842
96,685,666,1351,1493.572966,0.943135
97,700,674,1374,1522.559086,0.940229
97,700,668,1368,1522.468213,0.935328
97,692,683,1375,1515.154572,0.944623
97,701,674,1375,1517.887127,0.945412
97,694,673,1367,1511.970652,0.943214
97,687,674,1361,1510.510879,0.940454
97,691,676,1367,1516.980308,0.942820
97,691,668,1359,1498.919411,0.947158
97,694,677,1371,1520.658648,0.940905
97,703,679,1382,1532.380661,0.941299
98,702,682,1384,1524.423044,0.945801
98,714,681,1395,1544.126034,0.942456
98,711,683,1394,1551.638282,0.938162
98,707,680,1387,1544.613636,0.939166
98,706,677,1383,1534.252258,0.942679
98,696,675,1371,1521.410433,0.940225
98,706,676,1382,1525.217723,0.944965
98,698,676,1374,1529.091902,0.936991
98,708,684,1392,1541.185825,0.943515
98,708,682,1390,1533.197614,0.946136
99,715,680,1395,1549.458341,0.939725
99,715,681,1396,1546.208473,0.940056
99,706,683,1389,1543.740445,0.940774
99,707,681,1388,1544.618919,0.937076
99,715,689,1404,1552.127654,0.943203
99,707,687,1394,1542.201881,0.938787
99,717,693,1410,1561.428484,0.940387
99,708,691,1399,1550.858655,0.938787
99,724,682,1406,1558.332436,0.941657
99,716,686,1402,1554.755096,0.942651
100,715,702,1417,1559.108947,0.945355
100,722,693,1415,1558.220002,0.948142
100,714,693,1407,1561.058567,0.939891
100,717,701,1418,1559.740338,0.948798
100,721,698,1419,1560.934119,0.945792
100,730,707,1437,1587.893243,0.944754
100,723,703,1426,1568.257212,0.948852
100,713,704,1417,1562.585116,0.944481
100,712,695,1407,1548.851059,0.947377
100,713,688,1401,1547.552363,0.947213
101,724,706,1430,1580.877445,0.944760
101,725,708,1433,1575.711762,0.945301
101,729,710,1439,1582.780112,0.945680
101,711,711,1422,1578.168968,0.941135
101,731,708,1439,1589.876083,0.943407
101,718,697,1415,1573.802202,0.939837
101,721,699,1420,1572.832744,0.941406
101,720,698,1418,1571.936304,0.941406
101,716,694,1410,1564.945055,0.942163
101,720,697,1417,1568.945726,0.943299
102,726,707,1433,1589.894080,0.943587
102,733,706,1439,1595.413043,0.942141
102,727,702,1429,1576.740202,0.944444
102,739,717,1456,1607.672050,0.946212
102,723,711,1434,1589.680722,0.942462
102,720,711,1431,1591.648552,0.939462
102,729,695,1424,1591.353889,0.936408
102,730,713,1443,1592.846718,0.942141
102,739,712,1451,1597.049708,0.943587
102,733,708,1441,1601.912096,0.941230
103,749,724,1473,1610.848051,0.950767
103,742,724,1466,1611.984249,0.946894
103,732,718,1450,1598.400491,0.946257
103,742,718,1460,1610.083080,0.947159
103,742,718,1460,1603.515907,0.949387
103,738,721,1459,1607.945448,0.947424
103,742,717,1459,1608.415663,0.947424
103,747,716,1463,1606.249243,0.947530
103,734,721,1455,1604.756875,0.944400
103,730,717,1447,1593.322993,0.945674
104,758,724,1482,1633.676455,0.945828
104,738,730,1468,1618.149890,0.943726
104,744,725,1469,1623.483421,0.942308
104,733,716,1449,1616.492849,0.938472
104,737,722,1459,1606.089884,0.948087
104,740,723,1463,1621.938370,0.942255
104,741,714,1455,1612.411785,0.941520
104,741,717,1458,1619.602872,0.940521
104,746,717,1463,1620.428098,0.941730
104,739,720,1459,1619.484894,0.941309
105,751,723,1474,1632.914961,0.941504
105,760,734,1494,1643.605290,0.948061
105,755,730,1485,1639.241397,0.943950
105,754,727,1481,1635.107734,0.942649
105,755,728,1483,1632.251403,0.948842
105,755,733,1488,1640.573789,0.946084
105,758,737,1495,1650.754224,0.944366
105,761,735,1496,1649.772727,0.944783
105,748,731,1479,1642.336165,0.939735
105,758,723,1481,1632.106848,0.947281
106,759,731,1490,1654.058601,0.943190
106,760,732,1492,1661.508468,0.939839
106,766,742,1508,1664.609572,0.941953
106,757,746,1503,1653.726262,0.945046
106,750,732,1482,1643.766711,0.938860
106,766,740,1506,1663.916842,0.945407
106,755,742,1497,1648.995230,0.946696
106,756,726,1482,1642.639621,0.942571
106,770,744,1514,1662.528842,0.943448
106,762,732,1494,1657.076562,0.942314
107,768,741,1509,1668.986048,0.945406
107,770,744,1514,1661.937101,0.949543
107,780,749,1529,1685.964016,0.945713
107,772,735,1507,1666.585734,0.945202
107,768,743,1511,1676.501077,0.941525
107,777,744,1521,1668.966153,0.950360
107,765,740,1505,1665.785145,0.943568
107,770,737,1507,1667.810264,0.943057
107,780,743,1523,1677.364475,0.947040
107,761,742,1503,1666.680428,0.942291
108,766,744,1510,1679.061551,0.940700
108,784,749,1533,1693.299726,0.945203
108,766,755,1521,1678.637704,0.944090
108,774,747,1521,1685.036099,0.941965
108,770,752,1522,1684.821777,0.943534
108,770,749,1519,1684.142040,0.943180
108,775,752,1527,1688.276348,0.946620
108,774,748,1522,1681.055549,0.942927
108,765,751,1516,1671.346238,0.946620
108,776,753,1529,1686.336830,0.946519
109,775,743,1518,1688.576065,0.940843
109,780,757,1537,1689.268775,0.948965
109,777,766,1543,1702.523565,0.945556
109,774,756,1530,1694.459497,0.942397
109,780,752,1532,1696.862902,0.941746
109,791,761,1552,1712.643505,0.946007
109,779,764,1543,1700.924067,0.944854
109,784,763,1547,1707.787315,0.946558
109,780,765,1545,1696.378874,0.947912
109,780,753,1533,1702.982346,0.942046
110,793,764,1557,1719.465109,0.943567
110,793,766,1559,1715.087441,0.945107
110,784,759,1543,1707.845714,0.943964
110,786,760,1546,1710.789951,0.943169
110,801,768,1569,1735.096962,0.941331
110,791,764,1555,1714.716516,0.945455
110,795,763,1558,1723.405869,0.942226
110,786,764,1550,1716.065339,0.942524
110,792,765,1557,1722.394351,0.939841
110,796,760,1556,1722.423976,0.944362
111,804,770,1574,1738.589560,0.942648
111,791,756,1547,1727.934180,0.937232
111,790,772,1562,1732.210842,0.941171
111,796,774,1570,1733.699918,0.944026
111,800,759,1559,1729.355996,0.940038
111,784,768,1552,1720.088171,0.941269
111,789,767,1556,1707.934075,0.947669
111,797,779,1576,1728.859318,0.949195
111,793,766,1559,1733.995893,0.938562
111,798,771,1569,1726.307930,0.948801
112,789,773,1562,1732.025103,0.942574
112,806,781,1587,1748.301639,0.945453
112,798,786,1584,1737.153620,0.948575
112,797,776,1573,1744.128104,0.942721
112,805,787,1592,1752.491111,0.945892
112,806,779,1585,1754.491251,0.939988
112,814,778,1592,1757.493914,0.946282
112,806,772,1578,1759.571732,0.937646
112,802,784,1586,1746.261402,0.946038
112,812,777,1589,1757.779793,0.944233
113,809,791,1600,1763.291409,0.944243
113,818,793,1611,1773.618112,0.946951
113,807,788,1595,1760.595975,0.942599
113,815,796,1611,1772.297122,0.947193
113,813,782,1595,1761.912660,0.945404
113,808,784,1592,1758.880590,0.943082
113,815,785,1600,1765.267033,0.944823
113,809,789,1598,1759.868030,0.946806
113,803,788,1591,1755.431064,0.946419
113,797,780,1577,1748.848769,0.939262
114,816,796,1612,1779.811802,0.946122
114,807,787,1594,1765.731854,0.943869
114,808,785,1593,1768.944802,0.941425
114,825,788,1613,1781.010162,0.944684
114,811,800,1611,1770.462098,0.944349
114,820,791,1611,1772.703307,0.945451
114,811,799,1610,1772.257282,0.944061
114,819,804,1623,1787.227553,0.947129
114,820,785,1605,1773.021446,0.946218
114,807,803,1610,1773.942115,0.944349
115,820,804,1624,1782.562979,0.949157
115,825,801,1626,1797.508536,0.943787
115,821,803,1624,1785.076778,0.947161
115,823,800,1623,1793.344272,0.943787
115,824,797,1621,1793.394228,0.942314
115,823,798,1621,1793.017187,0.943455
115,809,807,1616,1780.747722,0.945735
115,828,806,1634,1800.299984,0.945925
115,824,799,1623,1799.769997,0.944262
115,822,803,1625,1791.791103,0.945688
116,822,808,1630,1796.927711,0.947711
116,837,806,1643,1815.029351,0.943801
116,831,805,1636,1800.176654,0.948794
116,835,813,1648,1820.931918,0.942058
116,836,803,1639,1806.567942,0.943282
116,835,812,1647,1814.161270,0.947145
116,826,803,1629,1806.048572,0.941822
116,832,815,1647,1811.060140,0.944554
116,829,802,1631,1803.744100,0.942576
116,839,805,1644,1815.378277,0.944696
117,836,818,1654,1822.353419,0.945822
117,843,814,1657,1823.406846,0.949512
117,834,809,1643,1810.699660,0.942693
117,836,813,1649,1824.072071,0.945682
117,837,815,1652,1824.092208,0.943954
117,840,823,1663,1831.609722,0.947270
117,828,808,1636,1814.190802,0.942179
117,837,817,1654,1817.863251,0.946570
117,845,822,1667,1824.098584,0.947690
117,835,814,1649,1817.031496,0.947317
118,836,825,1661,1833.911136,0.943132
118,841,819,1660,1832.619632,0.946374
118,843,825,1668,1840.228478,0.944383
118,845,818,1663,1843.849969,0.942021
118,843,826,1669,1835.517494,0.947532
118,844,814,1658,1831.628997,0.946698
118,839,825,1664,1827.412704,0.949291
118,852,824,1676,1852.461688,0.943364
118,839,823,1662,1836.705629,0.945077
118,841,833,1674,1844.021629,0.943920
119,847,823,1670,1838.325330,0.945998
119,858,828,1686,1856.594964,0.947146
119,857,826,1683,1860.063490,0.943197
119,856,832,1688,1857.482365,0.946641
119,858,824,1682,1854.534656,0.945080
119,859,830,1689,1859.898513,0.948524
119,852,833,1685,1853.244697,0.946090
119,855,829,1684,1853.080748,0.947146
119,857,823,1680,1849.052866,0.946871
119,845,827,1672,1844.910012,0.944529
120,852,836,1688,1869.501715,0.944490
120,845,825,1670,1847.888743,0.943534
120,854,829,1683,1858.808027,0.942942
120,859,832,1691,1867.455871,0.944399
120,851,837,1688,1864.517881,0.944080
120,856,836,1692,1863.967091,0.943078
120,857,831,1688,1860.587261,0.945264
120,850,827,1677,1853.766234,0.942760
120,866,836,1702,1875.830364,0.944718
120,858,828,1686,1858.476057,0.944353
121,872,851,1723,1887.984412,0.951000
121,854,833,1687,1871.223814,0.943278
121,858,851,1709,1881.676048,0.948065
121,862,851,1713,1878.235157,0.948878
121,872,846,1718,1888.205390,0.948155
121,867,848,1715,1882.105615,0.947523
121,864,850,1714,1878.308522,0.951181
121,873,842,1715,1882.572130,0.949375
121,856,835,1691,1867.894493,0.946981
121,867,850,1717,1884.207107,0.947658
122,873,844,1717,1893.491825,0.946788
122,875,859,1734,1906.682624,0.946117
122,872,853,1725,1896.412744,0.945579
122,871,861,1732,1908.242795,0.944952
122,875,850,1725,1898.562978,0.948043
122,885,854,1739,1907.295834,0.949476
122,867,850,1717,1891.063194,0.948446
122,877,850,1727,1902.734011,0.947371
122,876,851,1727,1907.534854,0.942623
122,864,847,1711,1889.675291,0.944594
123,881,858,1739,1913.529087,0.946421
123,881,859,1740,1918.192771,0.944911
123,881,858,1739,1915.589263,0.943756
123,881,852,1733,1911.131106,0.944378
123,874,849,1723,1905.892525,0.941135
123,873,860,1733,1910.943859,0.945089
123,886,851,1737,1915.354578,0.944600
123,875,856,1731,1914.177303,0.945488
123,881,850,1731,1913.425281,0.943800
123,879,855,1734,1904.768240,0.948865
124,890,874,1764,1934.968241,0.950115
124,878,858,1736,1912.018250,0.949806
124,892,872,1764,1930.582039,0.950952
124,889,865,1754,1930.999806,0.948087
124,891,870,1761,1934.295561,0.951481
124,884,859,1743,1917.401396,0.948660
124,880,867,1747,1932.481427,0.945355
124,878,868,1746,1922.285770,0.946281
124,889,867,1756,1920.992720,0.948176
124,881,869,1750,1924.915172,0.947823
125,889,868,1757,1943.302147,0.941596
125,898,868,1766,1943.670612,0.946842
125,890,875,1765,1940.515957,0.947322
125,897,873,1770,1945.265206,0.946404
125,890,863,1753,1940.660843,0.942164
125,897,871,1768,1954.712421,0.944612
125,890,878,1768,1942.880477,0.946492
125,901,864,1765,1952.716918,0.942120
125,900,872,1772,1953.658184,0.946579
125,898,879,1777,1957.095571,0.945574
126,905,877,1782,1964.775785,0.946353
126,905,879,1784,1970.089655,0.944791
126,904,882,1786,1958.975740,0.948044
126,896,884,1780,1962.007744,0.945702
126,901,879,1780,1958.356713,0.945399
126,898,877,1775,1961.936149,0.942233
126,914,883,1797,1978.381684,0.943967
126,914,883,1797,1972.166873,0.946179
126,907,879,1786,1965.051677,0.945355
126,901,870,1771,1960.992989,0.941365
127,908,882,1790,1984.041873,0.941870
127,910,884,1794,1983.839463,0.945398
127,908,878,1786,1970.118468,0.944064
127,891,883,1774,1957.624709,0.945312
127,903,888,1791,1981.842165,0.940622
127,893,876,1769,1945.364295,0.950217
127,901,882,1783,1966.249253,0.946689
127,902,891,1793,1976.714245,0.946216
127,914,890,1804,1979.171261,0.949271
127,910,888,1798,1977.255512,0.948195
128,909,887,1796,1984.223375,0.945270
128,914,878,1792,1985.516674,0.942367
128,918,894,1812,1992.408956,0.948301
128,910,893,1803,1985.122068,0.947661
128,922,887,1809,1992.196333,0.947362
128,918,893,1811,1994.961625,0.946422
128,914,896,1810,1997.335469,0.946124
128,911,886,1797,1989.174803,0.942794
128,914,902,1816,1993.064892,0.946166
128,913,890,1803,1985.308701,0.944928
129,921,891,1812,1998.126121,0.944635
129,922,895,1817,1996.830641,0.947304
129,938,899,1837,2033.197009,0.943703
129,910,893,1803,1992.016708,0.942009
129,916,893,1809,1990.912028,0.947939
129,911,891,1802,1989.701310,0.944762
129,917,903,1820,2013.248676,0.942814
129,917,896,1813,1992.620280,0.946668
129,922,897,1819,2010.823367,0.944127
129,903,895,1798,1991.992960,0.940992
130,922,899,1821,2007.767067,0.946616
130,929,895,1824,2022.887511,0.942581
130,932,909,1841,2020.920543,0.945523
130,931,901,1832,2022.425986,0.943380
130,930,904,1834,2030.948192,0.942749
130,921,906,1827,2026.498042,0.940521
130,934,901,1835,2024.234907,0.945734
130,927,905,1832,2025.151248,0.942581
130,932,903,1835,2030.921144,0.942749
130,927,900,1827,2017.374333,0.944346
131,937,917,1854,2036.189390,0.950486
131,945,924,1869,2055.771370,0.946398
131,940,914,1854,2038.056768,0.945564
131,954,908,1862,2050.047120,0.944563
131,939,907,1846,2044.166382,0.939265
131,934,915,1849,2045.315476,0.943270
131,946,915,1861,2041.632482,0.948150
131,940,914,1854,2041.239184,0.947107
131,925,901,1826,2025.949831,0.939557
131,939,909,1848,2033.419195,0.946857
132,948,916,1864,2057.426731,0.944403
132,937,915,1852,2052.622712,0.940346
132,946,924,1870,2052.140651,0.946225
132,947,926,1873,2064.153839,0.944776
132,940,922,1862,2054.843620,0.943989
132,945,909,1854,2049.760813,0.942375
132,940,909,1849,2046.012093,0.943120
132,947,925,1872,2063.240042,0.943037
132,943,917,1860,2046.652394,0.946142
132,938,913,1851,2041.212326,0.945107
133,945,922,1867,2068.316477,0.943054
133,969,926,1895,2084.440051,0.946259
133,944,921,1865,2061.409401,0.945355
133,948,913,1861,2059.326165,0.942726
133,947,927,1874,2063.859095,0.946711
133,958,923,1881,2066.705444,0.949382
133,945,915,1860,2056.069579,0.944985
133,953,919,1872,2060.910440,0.946465
133,956,918,1874,2071.921777,0.942726
133,949,924,1873,2067.622778,0.946465
134,959,927,1886,2086.460886,0.944213
134,956,936,1892,2084.166210,0.945192
134,963,939,1902,2087.866243,0.947190
134,958,920,1878,2071.442785,0.946334
134,955,927,1882,2084.480759,0.942664
134,956,932,1888,2082.847580,0.945804
134,957,928,1885,2088.652569,0.942705
134,968,937,1905,2096.885268,0.945804
134,956,927,1883,2079.295988,0.943357
134,960,926,1886,2086.931637,0.940258
135,964,931,1895,2084.601256,0.944262
135,958,925,1883,2085.048407,0.944546
135,950,941,1891,2086.984811,0.945153
135,954,930,1884,2086.623330,0.943088
135,968,947,1915,2106.039663,0.946974
135,960,940,1900,2093.830850,0.945315
135,971,940,1911,2104.638686,0.946570
135,971,941,1912,2106.115570,0.947136
135,959,946,1905,2093.644068,0.946205
135,967,932,1899,2101.446585,0.943210
136,980,943,1923,2118.901315,0.946802
136,974,945,1919,2120.125716,0.946279
136,981,953,1934,2129.701872,0.947003
136,969,948,1917,2110.048030,0.948449
136,972,941,1913,2111.809448,0.944552
136,972,940,1912,2112.204536,0.945476
136,979,950,1929,2110.005362,0.949293
136,981,950,1931,2119.084968,0.949936
136,977,946,1923,2120.027641,0.944471
136,964,954,1918,2112.643682,0.947485
137,973,956,1929,2122.907642,0.946751
137,968,957,1925,2114.236431,0.947948
137,977,950,1927,2123.969797,0.945116
137,984,961,1945,2143.715435,0.944198
137,975,942,1917,2125.657099,0.941406
137,979,966,1945,2137.982068,0.947110
137,971,942,1913,2125.357751,0.940409
137,990,959,1949,2133.865191,0.949623
137,969,950,1919,2102.304960,0.951139
137,975,956,1931,2122.406883,0.946312
138,983,962,1945,2148.501006,0.944959
138,987,961,1948,2135.746809,0.949315
138,995,967,1962,2158.781283,0.946820
138,978,967,1945,2143.157642,0.947493
138,980,959,1939,2142.998074,0.946385
138,989,956,1945,2142.690194,0.947493
138,985,963,1948,2145.340020,0.948365
138,982,962,1944,2141.121549,0.944840
138,986,954,1940,2134.388778,0.947137
138,978,961,1939,2139.066311,0.947018
139,985,960,1945,2147.910263,0.943901
139,996,966,1962,2163.208964,0.945866
139,990,966,1956,2153.140557,0.947399
139,995,963,1958,2156.648740,0.946770
139,995,965,1960,2159.506216,0.946810
139,977,972,1949,2145.435044,0.948775
139,986,957,1943,2156.750349,0.942328
139,992,975,1967,2159.455287,0.948854
139,995,964,1959,2160.369505,0.945119
139,998,962,1960,2163.535844,0.946181
140,999,975,1974,2170.087106,0.945433
140,1004,975,1979,2182.607835,0.946916
140,1003,982,1985,2183.866535,0.947697
140,994,968,1962,2164.790698,0.943169
140,1008,976,1984,2174.362835,0.950039
140,992,973,1965,2162.698685,0.947541
140,1010,976,1986,2189.197143,0.944887
140,987,969,1956,2154.551786,0.945472
140,1001,969,1970,2168.388039,0.947736
140,1006,978,1984,2182.485187,0.949336
141,1006,982,1988,2189.625816,0.946867
141,1007,991,1998,2192.591077,0.946828
141,1000,974,1974,2185.493950,0.942139
141,1020,983,2003,2205.111742,0.946944
141,1004,974,1978,2185.983125,0.942216
141,1007,983,1990,2192.202963,0.946247
141,1005,983,1988,2191.496732,0.943534
141,994,976,1970,2172.953875,0.945006
141,998,975,1973,2180.177252,0.943882
141,1012,985,1997,2193.079290,0.947448
142,1019,983,2002,2200.024189,0.947780
142,1007,982,1989,2189.256385,0.946471
142,1020,992,2012,2214.572070,0.948280
142,1024,984,2008,2208.953010,0.945971
142,1009,990,1999,2199.052324,0.946933
142,1012,981,1993,2201.211238,0.947202
142,1009,988,1997,2202.446397,0.944970
142,1021,996,2017,2215.664609,0.949203
142,1015,993,2008,2212.230805,0.945432
142,1009,984,1993,2204.115334,0.942392
143,1021,995,2016,2222.551460,0.946463
143,1021,993,2014,2216.890973,0.945202
143,1024,996,2020,2230.532090,0.941419
143,1016,996,2012,2215.994444,0.946463
143,1024,989,2013,2218.963648,0.945737
143,1017,984,2001,2218.162791,0.943062
143,1026,991,2017,2228.535909,0.941381
143,1032,995,2027,2227.827089,0.948909
143,1029,999,2028,2233.804697,0.946502
143,1019,993,2012,2216.460871,0.947342
144,1008,987,1995,2208.824839,0.941940
144,1025,985,2010,2231.338782,0.941636
144,1026,991,2017,2231.869998,0.942471
144,1030,996,2026,2235.913896,0.943002
144,1021,996,2017,2229.342505,0.943306
144,1030,999,2029,2240.069044,0.943154
144,1021,992,2013,2223.336100,0.944444
144,1020,996,2016,2226.369625,0.941674
144,1024,1001,2025,2230.420063,0.947063
144,1030,992,2022,2236.557421,0.941674
145,1025,1007,2032,2239.724184,0.946787
145,1030,1009,2039,2255.497124,0.945054
145,1033,1012,2045,2250.314133,0.947277
145,1030,1001,2031,2257.943062,0.939476
145,1033,1014,2047,2248.505402,0.947541
145,1031,1005,2036,2245.999002,0.944036
145,1042,1012,2054,2250.883373,0.948370
145,1036,1007,2043,2240.864955,0.946184
145,1029,1008,2037,2240.117493,0.948219
145,1032,1006,2038,2238.804802,0.947692
146,1048,1006,2054,2263.602211,0.944270
146,1040,1022,2062,2267.088433,0.946628
146,1047,1011,2058,2269.414503,0.943970
146,1046,1012,2058,2268.197508,0.946441
146,1047,1010,2057,2276.108921,0.943708
146,1035,1014,2049,2253.537315,0.946403
146,1034,1013,2047,2255.701806,0.945205
146,1047,1011,2058,2270.632805,0.941912
146,1043,1019,2062,2265.596743,0.946328
146,1047,1017,2064,2267.141589,0.948125
147,1049,1024,2073,2287.075955,0.945801
147,1044,1023,2067,2272.812876,0.947697
147,1045,1018,2063,2274.177888,0.944054
147,1052,1026,2078,2288.369003,0.947102
147,1052,1030,2082,2287.529897,0.946545
147,1041,1017,2058,2271.831343,0.944352
147,1048,1029,2077,2286.986902,0.945281
147,1049,1019,2068,2282.870368,0.943236
147,1047,1016,2063,2275.763266,0.946433
147,1050,1019,2069,2275.105011,0.947251
148,1049,1027,2076,2288.695567,0.945724
148,1059,1035,2094,2307.506551,0.947312
148,1055,1023,2078,2287.548348,0.949010
148,1056,1035,2091,2297.004421,0.947571
148,1044,1031,2075,2285.918243,0.947903
148,1057,1020,2077,2293.064895,0.947091
148,1061,1030,2091,2297.749990,0.946758
148,1057,1035,2092,2297.078083,0.947829
148,1045,1028,2073,2297.357993,0.943694
148,1057,1033,2090,2296.744299,0.948383
149,1066,1037,2103,2314.811117,0.948216
149,1052,1022,2074,2298.384800,0.942715
149,1064,1043,2107,2306.736088,0.949793
149,1071,1031,2102,2313.897214,0.947226
149,1056,1046,2102,2312.870102,0.948913
149,1061,1044,2105,2308.532156,0.948619
149,1059,1033,2092,2304.936318,0.945575
149,1062,1039,2101,2306.650306,0.947372
149,1063,1043,2106,2318.487645,0.947446
149,1062,1033,2095,2304.516903,0.945392
150,1067,1031,2098,2320.777755,0.944882
150,1072,1042,2114,2325.264465,0.946084
150,1062,1029,2091,2317.330130,0.939709
150,1074,1035,2109,2318.278472,0.945683
150,1066,1039,2105,2326.739551,0.944918
150,1062,1037,2099,2318.333803,0.943570
150,1083,1061,2144,2348.569376,0.949326
150,1076,1034,2110,2325.990924,0.945209
150,1075,1050,2125,2335.772634,0.944809
150,1077,1039,2116,2335.043216,0.944699
151,1074,1046,2120,2337.947879,0.947309
151,1074,1052,2126,2342.975114,0.945826
151,1072,1042,2114,2340.578652,0.942858
151,1081,1053,2134,2348.793993,0.947092
151,1071,1054,2125,2339.726860,0.949046
151,1071,1054,2125,2338.422405,0.947020
151,1078,1054,2132,2347.714832,0.945138
151,1083,1058,2141,2354.341717,0.946188
151,1064,1055,2119,2325.245294,0.948033
151,1061,1039,2100,2324.239997,0.945210
152,1089,1056,2145,2365.793814,0.947117
152,1083,1050,2133,2356.389372,0.945032
152,1078,1057,2135,2343.520777,0.947189
152,1082,1055,2137,2349.146064,0.946578
152,1095,1060,2155,2369.494822,0.948735
152,1081,1062,2143,2365.463810,0.945499
152,1086,1056,2142,2362.110371,0.943630
152,1087,1060,2147,2354.091687,0.950065
152,1094,1057,2151,2360.524559,0.948195
152,1089,1060,2149,2364.205980,0.946865
153,1086,1061,2147,2363.058807,0.944534
153,1091,1060,2151,2376.898295,0.941855
153,1091,1054,2145,2364.110179,0.947605
153,1090,1061,2151,2369.603754,0.944819
153,1088,1060,2148,2367.882673,0.944891
153,1089,1059,2148,2363.880670,0.947927
153,1093,1060,2153,2370.128450,0.944677
153,1094,1065,2159,2370.210202,0.946320
153,1086,1062,2148,2363.880670,0.944962
153,1090,1053,2143,2364.978006,0.944927
154,1091,1067,2158,2374.726904,0.946562
154,1099,1075,2174,2400.770690,0.945462
154,1096,1075,2171,2387.447692,0.947662
154,1095,1068,2163,2379.764435,0.947804
154,1096,1069,2165,2387.464001,0.946029
154,1103,1069,2172,2393.778264,0.946775
154,1099,1070,2169,2387.763984,0.947555
154,1096,1075,2171,2386.330278,0.949649
154,1100,1076,2176,2390.520875,0.945958
154,1097,1068,2165,2384.478271,0.946349
155,1104,1065,2169,2392.521291,0.945708
155,1104,1081,2185,2408.109920,0.945108
155,1107,1063,2170,2399.690058,0.944298
155,1114,1079,2193,2417.020710,0.942993
155,1110,1070,2180,2411.688768,0.943451
155,1116,1081,2197,2413.084414,0.949092
155,1102,1079,2181,2403.327959,0.946272
155,1101,1085,2186,2412.868317,0.942958
155,1106,1072,2178,2401.794962,0.945814
155,1124,1087,2211,2438.470197,0.945637
156,1106,1084,2190,2410.646617,0.946336
156,1119,1084,2203,2420.756120,0.945741
156,1103,1072,2175,2402.379478,0.942833
156,1122,1083,2205,2425.848395,0.947072
156,1122,1082,2204,2431.682783,0.945635
156,1109,1078,2187,2420.316173,0.940556
156,1121,1084,2205,2424.260186,0.944059
156,1106,1074,2180,2418.381907,0.941257
156,1121,1080,2201,2427.809899,0.945075
156,1114,1076,2190,2409.810361,0.945530
157,1125,1083,2208,2435.709272,0.943336
157,1128,1092,2220,2443.598958,0.950089
157,1125,1100,2225,2438.824775,0.948453
157,1127,1088,2215,2444.181933,0.945077
157,1133,1094,2227,2447.178804,0.946887
157,1123,1095,2218,2438.781401,0.948418
157,1120,1077,2197,2429.264432,0.945077
157,1127,1090,2217,2445.261891,0.945912
157,1119,1079,2198,2423.654360,0.945564
157,1122,1083,2205,2429.880907,0.945912
158,1131,1094,2225,2445.216648,0.947465
158,1128,1091,2219,2442.800914,0.947776
158,1111,1094,2205,2429.979418,0.944560
158,1121,1100,2221,2452.004353,0.944698
158,1115,1084,2199,2427.345423,0.942035
158,1110,1098,2208,2429.951357,0.946739
158,1126,1095,2221,2456.600513,0.942173
158,1129,1098,2227,2438.332248,0.950370
158,1115,1091,2206,2436.653704,0.944283
158,1126,1088,2214,2445.116535,0.944871
159,1137,1099,2236,2459.490115,0.946283
159,1135,1101,2236,2477.283326,0.941918
159,1116,1098,2214,2446.667603,0.943946
159,1131,1106,2237,2448.741169,0.949686
159,1138,1099,2237,2473.023898,0.944943
159,1133,1102,2235,2464.259000,0.945321
159,1129,1104,2233,2454.056542,0.947967
159,1133,1096,2229,2469.245907,0.943018
159,1130,1100,2230,2460.890886,0.943018
159,1127,1099,2226,2464.140080,0.943396
160,1135,1105,2240,2465.406157,0.946141
160,1144,1115,2259,2487.720776,0.947678
160,1134,1121,2255,2476.051901,0.947131
160,1130,1107,2237,2462.937505,0.944843
160,1133,1109,2242,2469.092414,0.948429
160,1154,1118,2272,2488.372859,0.948736
160,1144,1110,2254,2486.891250,0.942999
160,1145,1116,2261,2490.204251,0.944911
160,1144,1118,2262,2490.837157,0.944023
160,1141,1113,2254,2480.535218,0.945526
161,1152,1113,2265,2492.946879,0.946441
161,1138,1110,2248,2476.641514,0.946238
161,1149,1124,2273,2499.324464,0.946373
161,1151,1127,2278,2503.514268,0.948342
161,1161,1126,2287,2509.286895,0.949869
161,1149,1117,2266,2492.557700,0.946034
161,1148,1125,2273,2499.044668,0.948919
161,1152,1113,2265,2501.169184,0.944269
161,1142,1109,2251,2483.289512,0.945050
161,1130,1113,2243,2477.525268,0.945355
162,1158,1123,2281,2514.035467,0.946097
162,1146,1124,2270,2501.446679,0.943770
162,1165,1130,2295,2521.684519,0.945085
162,1160,1121,2281,2516.280643,0.946401
162,1154,1120,2274,2505.947662,0.944411
162,1154,1123,2277,2509.067128,0.945052
162,1152,1121,2273,2502.427139,0.947244
162,1151,1128,2279,2513.232675,0.946165
162,1154,1126,2280,2502.883804,0.947851
162,1155,1124,2279,2503.825749,0.945591
163,1160,1134,2294,2519.152008,0.948171
163,1163,1136,2299,2530.698612,0.946830
163,1158,1130,2288,2515.804777,0.950149
163,1161,1135,2296,2530.945455,0.943847
163,1159,1133,2292,2520.760563,0.946294
163,1159,1128,2287,2525.504331,0.944651
163,1151,1132,2283,2514.385135,0.946998
163,1161,1134,2295,2529.936620,0.944048
163,1163,1134,2297,2529.057028,0.947065
163,1154,1126,2280,2518.426958,0.945623
164,1170,1133,2303,2538.383194,0.943856
164,1165,1141,2306,2541.783164,0.946588
164,1164,1138,2302,2536.163283,0.946055
164,1166,1148,2314,2537.368213,0.948954
164,1162,1135,2297,2536.334216,0.944222
164,1166,1125,2291,2535.773262,0.943756
164,1155,1142,2297,2529.169168,0.945888
164,1165,1129,2294,2534.420320,0.945155
164,1155,1137,2292,2522.460726,0.948521
164,1169,1139,2308,2535.420791,0.947721
165,1169,1147,2316,2546.301340,0.946912
165,1177,1139,2316,2552.621551,0.945951
165,1168,1144,2312,2547.097198,0.944858
165,1169,1149,2318,2553.614141,0.944395
165,1175,1128,2303,2553.673571,0.942176
165,1174,1140,2314,2557.418469,0.943997
165,1185,1147,2332,2560.442893,0.945852
165,1181,1143,2324,2555.841346,0.945355
165,1181,1147,2328,2566.503341,0.946349
165,1183,1151,2334,2561.241823,0.946514
166,1173,1149,2322,2559.888078,0.947561
166,1175,1149,2324,2563.116178,0.944828
166,1184,1152,2336,2577.099361,0.945651
166,1193,1144,2337,2570.361550,0.946804
166,1159,1151,2310,2551.937595,0.945421
166,1178,1152,2330,2578.627272,0.943117
166,1171,1156,2327,2564.562690,0.947824
166,1195,1150,2345,2578.973644,0.946442
166,1188,1143,2331,2576.823799,0.942755
166,1176,1145,2321,2565.955965,0.945783
167,1196,1160,2356,2602.910708,0.943981
167,1178,1144,2322,2575.589503,0.942607
167,1183,1162,2345,2579.846107,0.945617
167,1192,1154,2346,2586.159723,0.945453
167,1185,1156,2341,2578.601586,0.946631
167,1189,1154,2343,2584.997220,0.944504
167,1191,1159,2350,2582.279232,0.945715
167,1188,1159,2347,2591.749485,0.944864
167,1182,1158,2340,2574.994239,0.944570
167,1186,1150,2336,2589.614626,0.942410
168,1193,1162,2355,2598.690643,0.943599
168,1196,1160,2356,2597.463387,0.944119
168,1197,1163,2360,2599.263452,0.945811
168,1197,1157,2354,2613.345466,0.941452
168,1208,1158,2366,2612.610588,0.944152
168,1192,1152,2344,2593.534010,0.943631
168,1191,1155,2346,2582.548840,0.944119
168,1194,1154,2348,2604.427319,0.941159
168,1197,1156,2353,2605.273598,0.943371
168,1188,1166,2354,2601.883013,0.943046
169,1206,1163,2369,2613.564834,0.944320
169,1204,1164,2368,2613.487117,0.944515
169,1208,1164,2372,2613.797620,0.946390
169,1188,1176,2364,2605.817728,0.943350
169,1204,1168,2372,2608.499947,0.946584
169,1213,1165,2378,2621.997433,0.946681
169,1203,1170,2373,2616.484402,0.944644
169,1212,1175,2387,2621.546484,0.948071
169,1199,1164,2363,2605.086836,0.943641
169,1201,1166,2367,2610.520255,0.943932
170,1207,1170,2377,2627.503908,0.944037
170,1209,1183,2392,2638.459793,0.945644
170,1219,1186,2405,2642.586444,0.947670
170,1201,1172,2373,2621.033516,0.943459
170,1212,1166,2378,2629.730556,0.942430
170,1208,1177,2385,2630.738548,0.943523
170,1212,1181,2393,2639.843623,0.944969
170,1204,1177,2381,2625.581667,0.943427
170,1216,1177,2393,2635.544660,0.945773
170,1200,1170,2370,2614.656548,0.944969
171,1219,1180,2399,2652.061575,0.943086
171,1218,1182,2400,2640.573799,0.946953
171,1218,1191,2409,2650.010089,0.947113
171,1220,1192,2412,2647.539935,0.947432
171,1214,1179,2393,2641.975339,0.943150
171,1228,1187,2415,2656.797152,0.947528
171,1210,1174,2384,2635.665501,0.944301
171,1212,1173,2385,2635.839838,0.943054
171,1221,1190,2411,2646.627951,0.948551
171,1223,1182,2405,2645.795922,0.947177
172,1233,1190,2423,2669.081963,0.946975
172,1225,1189,2414,2655.265027,0.945768
172,1225,1189,2414,2660.005741,0.945165
172,1227,1189,2416,2663.888184,0.946435
172,1229,1192,2421,2656.466430,0.947547
172,1220,1182,2402,2660.661318,0.941797
172,1227,1186,2413,2667.307744,0.944561
172,1227,1193,2420,2673.355561,0.944466
172,1234,1196,2430,2669.785333,0.947770
172,1223,1189,2412,2652.323644,0.946022
173,1241,1204,2445,2695.110024,0.943965
173,1228,1205,2433,2671.094323,0.947156
173,1230,1191,2421,2669.956422,0.944787
173,1224,1187,2411,2663.567331,0.944787
173,1243,1198,2441,2688.360781,0.947914
173,1240,1201,2441,2687.612819,0.945639
173,1226,1198,2424,2677.648849,0.944502
173,1231,1191,2422,2677.962421,0.944123
173,1235,1196,2431,2672.698604,0.949619
173,1247,1205,2452,2701.321224,0.946650
174,1237,1216,2453,2692.372755,0.946549
174,1230,1202,2432,2674.947979,0.946015
174,1230,1201,2431,2676.806902,0.946078
174,1238,1203,2441,2683.178749,0.947554
174,1238,1198,2436,2688.168844,0.945512
174,1230,1206,2436,2680.458636,0.945952
174,1251,1216,2467,2715.883488,0.943722
174,1238,1209,2447,2702.836617,0.943722
174,1238,1202,2440,2691.090714,0.946203
174,1233,1202,2435,2686.227481,0.946549
175,1259,1230,2489,2735.235228,0.948447
175,1248,1212,2460,2723.741530,0.941421
175,1245,1209,2454,2699.088162,0.947385
175,1261,1213,2474,2724.079422,0.945511
175,1250,1209,2459,2707.563177,0.947603
175,1252,1223,2475,2724.899443,0.946542
175,1268,1227,2495,2743.334993,0.947041
175,1250,1207,2457,2713.290517,0.944731
175,1250,1211,2461,2709.951690,0.947354
175,1255,1215,2470,2714.262430,0.948447
176,1260,1222,2482,2731.972797,0.947684
176,1260,1223,2483,2738.689223,0.944113
176,1264,1228,2492,2739.702895,0.945510
176,1241,1218,2459,2702.776917,0.948926
176,1261,1208,2469,2712.472354,0.947560
176,1246,1224,2470,2715.701509,0.947839
176,1251,1223,2474,2719.263966,0.947001
176,1238,1213,2451,2707.845093,0.945293
176,1247,1231,2478,2715.875183,0.948118
176,1257,1219,2476,2731.997533,0.942468
177,1258,1230,2488,2738.321713,0.946683
177,1251,1225,2476,2729.566265,0.946034
177,1260,1231,2491,2743.581251,0.945355
177,1266,1221,2487,2745.711067,0.943842
177,1256,1222,2478,2730.377181,0.943904
177,1261,1235,2496,2748.620929,0.946930
177,1263,1230,2493,2734.718335,0.949430
177,1255,1221,2476,2732.263005,0.944676
177,1257,1228,2485,2732.049250,0.946621
177,1257,1228,2485,2736.228541,0.945664
178,1258,1230,2488,2738.254283,0.948272
178,1268,1233,2501,2755.914008,0.945846
178,1276,1230,2506,2749.518138,0.949008
178,1266,1230,2496,2753.944518,0.946031
178,1288,1231,2519,2773.215696,0.947443
178,1272,1240,2512,2764.668311,0.947074
178,1269,1238,2507,2761.404592,0.946491
178,1271,1230,2501,2757.873189,0.943851
178,1268,1235,2503,2758.117858,0.946552
178,1266,1236,2502,2754.686271,0.946430
179,1274,1237,2511,2757.663426,0.947339
179,1265,1235,2500,2754.726184,0.945447
179,1273,1238,2511,2768.523292,0.946363
179,1268,1240,2508,2760.106031,0.947736
179,1259,1247,2506,2757.349165,0.945264
179,1267,1237,2504,2758.205932,0.946363
179,1273,1241,2514,2761.791468,0.948439
179,1274,1243,2517,2774.578308,0.946790
179,1282,1238,2520,2779.943423,0.945844
179,1280,1244,2524,2786.608291,0.946240
180,1288,1252,2540,2788.920000,0.947268
180,1281,1246,2527,2782.529835,0.944444
180,1272,1239,2511,2774.092434,0.944293
180,1279,1251,2530,2778.958952,0.948300
180,1277,1246,2523,2784.734620,0.945811
180,1285,1234,2519,2789.385820,0.941682
180,1274,1244,2518,2771.137617,0.948148
180,1277,1247,2524,2773.941012,0.947450
180,1283,1256,2539,2798.362499,0.944262
180,1281,1260,2541,2791.134454,0.947996
181,1283,1252,2535,2785.615400,0.948586
181,1290,1248,2538,2797.636327,0.943966
181,1277,1245,2522,2788.071758,0.943695
181,1288,1246,2534,2793.134176,0.944933
181,1280,1254,2534,2785.810415,0.946623
181,1288,1269,2557,2802.631072,0.948887
181,1289,1256,2545,2803.300023,0.946291
181,1288,1253,2541,2788.785388,0.948555
181,1276,1250,2526,2789.700520,0.944872
181,1283,1243,2526,2793.239567,0.944691
182,1302,1263,2565,2826.745086,0.944935
182,1298,1254,2552,2815.026562,0.943253
182,1280,1259,2539,2807.381117,0.943614
182,1282,1255,2537,2798.017219,0.944875
182,1293,1259,2552,2812.046318,0.946076
182,1289,1256,2545,2813.921920,0.943764
182,1305,1261,2566,2830.656995,0.944364
182,1299,1262,2561,2810.711635,0.947127
182,1290,1264,2554,2819.660700,0.944184
182,1285,1260,2545,2799.424354,0.945685
183,1300,1260,2560,2821.147126,0.945385
183,1308,1266,2574,2834.523232,0.943683
183,1291,1267,2558,2833.769831,0.942608
183,1297,1266,2563,2824.639056,0.944549
183,1296,1271,2567,2820.785635,0.947834
183,1308,1282,2590,2841.211675,0.947834
183,1304,1268,2572,2837.545973,0.943265
183,1303,1270,2573,2825.061375,0.947147
183,1296,1255,2551,2816.326202,0.944310
183,1297,1275,2572,2839.416779,0.943922
184,1298,1269,2567,2829.700255,0.945741
184,1296,1277,2573,2848.155955,0.941791
184,1307,1267,2574,2834.818081,0.944078
184,1313,1278,2591,2846.836520,0.947256
184,1311,1284,2595,2843.530216,0.947969
184,1312,1276,2588,2851.635721,0.946573
184,1310,1274,2584,2848.160267,0.946216
184,1315,1267,2582,2842.791878,0.946009
184,1311,1270,2581,2844.481131,0.944375
184,1309,1276,2585,2838.484265,0.948117
185,1331,1289,2620,2878.658358,0.947630
185,1317,1279,2596,2860.365163,0.944735
185,1315,1279,2594,2849.721582,0.947068
185,1310,1273,2583,2854.868107,0.943347
185,1320,1273,2593,2862.089691,0.944705
185,1311,1285,2596,2854.697762,0.943553
185,1320,1283,2603,2866.398810,0.945916
185,1311,1269,2580,2853.135820,0.943199
185,1299,1269,2568,2844.604260,0.941929
185,1311,1278,2589,2854.045619,0.946094
186,1333,1291,2624,2897.038988,0.944063
186,1326,1291,2617,2884.165323,0.945913
186,1316,1286,2602,2860.225287,0.945884
186,1335,1295,2630,2883.554196,0.947030
186,1323,1300,2623,2873.287870,0.947059
186,1319,1287,2606,2875.860070,0.945238
186,1325,1288,2613,2890.050171,0.944151
186,1321,1289,2610,2884.108041,0.943769
186,1315,1291,2606,2872.135345,0.943916
186,1310,1282,2592,2855.780928,0.945267
187,1330,1302,2632,2889.534247,0.949709
187,1330,1303,2633,2894.067354,0.945823
187,1323,1286,2609,2880.826955,0.945297
187,1326,1287,2613,2879.946955,0.945209
187,1324,1298,2622,2878.648123,0.946524
187,1338,1305,2643,2904.685690,0.947459
187,1319,1282,2601,2875.612089,0.944391
187,1328,1293,2621,2887.555244,0.945706
187,1325,1292,2617,2892.366922,0.943690
187,1324,1301,2625,2895.971018,0.944332
188,1340,1297,2637,2907.426868,0.944541
188,1346,1305,2651,2900.830253,0.947797
188,1345,1305,2650,2925.416332,0.942013
188,1334,1308,2642,2910.234944,0.945268
188,1341,1305,2646,2914.267823,0.946809
188,1328,1302,2630,2893.681282,0.946053
188,1341,1295,2636,2906.231181,0.945907
188,1344,1311,2655,2922.683262,0.946227
188,1355,1309,2664,2924.076570,0.949424
188,1340,1302,2642,2912.659596,0.945675
189,1340,1299,2639,2915.764535,0.944285
189,1351,1308,2659,2936.361207,0.944922
189,1352,1312,2664,2921.918184,0.947813
189,1351,1306,2657,2929.289143,0.944314
189,1358,1317,2675,2943.878866,0.947206
189,1343,1300,2643,2916.364364,0.944517
189,1350,1309,2659,2925.991314,0.946396
189,1354,1306,2660,2918.456414,0.948969
189,1352,1310,2662,2928.267731,0.947235
189,1349,1308,2657,2921.466779,0.946165
190,1343,1313,2656,2940.586531,0.943630
190,1354,1316,2670,2945.021096,0.944118
190,1365,1322,2687,2955.708501,0.948059
190,1348,1316,2664,2937.937072,0.943975
190,1351,1313,2664,2936.912394,0.946391
190,1355,1320,2675,2939.161005,0.947857
190,1333,1316,2649,2922.785200,0.943860
190,1355,1318,2673,2943.194946,0.946908
190,1362,1317,2679,2942.068475,0.949612
190,1352,1323,2675,2942.229217,0.946477
191,1360,1320,2680,2943.873036,0.947959
191,1367,1316,2683,2965.997185,0.944096
191,1360,1322,2682,2949.221229,0.945441
191,1366,1327,2693,2959.920411,0.947758
191,1346,1323,2669,2942.702574,0.944840
191,1362,1322,2684,2943.087338,0.949361
191,1354,1326,2680,2957.909628,0.943324
191,1354,1329,2683,2956.552823,0.947100
191,1360,1320,2680,2967.561300,0.943295
191,1356,1322,2678,2950.112957,0.945727
192,1368,1322,2690,2968.928538,0.945640
192,1367,1333,2700,2966.825119,0.948486
192,1349,1328,2677,2954.209366,0.945611
192,1369,1327,2696,2967.813021,0.946494
192,1368,1328,2696,2972.842581,0.944530
192,1364,1335,2699,2970.277947,0.947376
192,1373,1324,2697,2986.692890,0.940574
192,1374,1326,2700,2970.541082,0.945412
192,1369,1334,2703,2975.891709,0.946209
192,1364,1327,2691,2964.538032,0.945668
193,1379,1346,2725,2994.812055,0.946601
193,1371,1333,2704,2981.380951,0.945185
193,1380,1334,2714,2983.094202,0.947932
193,1364,1345,2709,2971.310549,0.949404
193,1378,1341,2719,2983.668707,0.949829
193,1366,1333,2699,2974.475193,0.944336
193,1358,1333,2691,2956.709566,0.947196
193,1371,1327,2698,2976.345015,0.946318
193,1378,1333,2711,2994.052814,0.944930
193,1378,1352,2730,2991.556886,0.949121
194,1383,1344,2727,2996.130164,0.948256
194,1361,1335,2696,2978.848838,0.945890
194,1375,1353,2728,3004.667763,0.946003
194,1373,1342,2715,2997.416737,0.945637
194,1381,1341,2722,2998.245292,0.944595
194,1384,1343,2727,3003.286822,0.943890
194,1376,1339,2715,2985.532910,0.946792
194,1384,1339,2723,2998.788535,0.943806
194,1380,1344,2724,3001.845294,0.945778
194,1383,1348,2731,3015.268605,0.945299
195,1382,1342,2724,3005.749536,0.945439
195,1389,1346,2735,3013.600784,0.946028
195,1382,1353,2735,3008.213383,0.945131
195,1390,1342,2732,3027.777881,0.942805
195,1377,1341,2718,3005.727788,0.943422
195,1382,1344,2726,3000.719045,0.943814
195,1382,1351,2733,3011.955065,0.943113
195,1392,1350,2742,3028.139449,0.943506
195,1386,1337,2723,3003.810164,0.944655
195,1386,1342,2728,3007.931034,0.943702
196,1406,1363,2769,3044.618252,0.945104
196,1396,1366,2762,3030.696769,0.949231
196,1405,1367,2772,3042.879755,0.947195
196,1400,1350,2750,3026.603253,0.946749
196,1395,1362,2757,3026.043514,0.947948
196,1386,1349,2735,3014.163953,0.945495
196,1399,1369,2768,3032.826979,0.948171
196,1390,1366,2756,3037.120806,0.945996
196,1380,1370,2750,3015.960862,0.946359
196,1390,1355,2745,3033.199630,0.942037
197,1408,1367,2775,3055.916089,0.944773
197,1387,1361,2748,3025.166361,0.945965
197,1414,1365,2779,3055.374474,0.947741
197,1402,1366,2768,3050.164079,0.945300
197,1414,1375,2789,3052.590898,0.950459
197,1401,1365,2766,3049.544818,0.945022
197,1394,1372,2766,3039.135229,0.946714
197,1401,1365,2766,3044.238185,0.945605
197,1398,1358,2756,3035.549051,0.944967
197,1400,1366,2766,3048.798912,0.946881
198,1414,1370,2784,3070.229364,0.945907
198,1419,1369,2788,3062.523252,0.945714
198,1411,1368,2779,3066.208465,0.944748
198,1414,1372,2786,3064.227902,0.944610
198,1403,1362,2765,3051.226131,0.945797
198,1410,1354,2764,3056.918869,0.941767
198,1417,1363,2780,3061.531822,0.945824
198,1400,1365,2765,3049.925721,0.944444
198,1415,1375,2790,3080.972205,0.944003
198,1400,1365,2765,3058.304893,0.943561
199,1413,1364,2777,3081.634793,0.940907
199,1409,1381,2790,3079.265062,0.944147
199,1395,1379,2774,3060.122319,0.943296
199,1416,1373,2789,3073.317992,0.944037
199,1415,1369,2784,3084.796690,0.940907
199,1423,1379,2802,3075.823180,0.946893
199,1418,1381,2799,3065.968327,0.949557
199,1412,1377,2789,3067.748369,0.946811
199,1404,1371,2775,3066.799436,0.944422
199,1423,1373,2796,3075.262217,0.947113
