100,100,100,100,100,100,100,100,100,100,100,100,100,100,100,100,100,100,100,100,100,100,100,100,100,100,100,100
0,0,0,0,0,0,0,0,110,98,105,84,85,86,113,123,126,122,138,0,0,0,0,0,0,0,0,0
0,0,0,0,0,0,0,0,111,89,90,103,91,103,105,114,109,122,143,0,0,0,0,0,0,0,0,0
0,0,0,0,0,0,0,0,108,96,91,85,90,106,114,106,128,116,139,0,0,0,0,0,0,0,0,0
0,0,0,0,0,0,0,0,96,119,89,95,95,81,107,116,119,120,132,0,0,0,0,0,0,0,0,0
0,0,0,0,0,0,0,0,95,102,90,97,95,112,128,104,110,116,140,0,0,0,0,0,0,0,0,0
0,0,0,0,0,0,0,0,105,98,99,89,103,85,91,118,129,130,129,0,0,0,0,0,0,0,0,0
0,0,0,0,0,0,0,1,106,108,90,96,92,100,102,120,118,121,122,0,0,0,0,0,0,0,0,0
0,0,0,0,0,0,0,0,99,108,88,84,94,104,108,123,108,117,146,0,0,0,0,0,0,0,0,0
0,0,0,0,0,0,0,0,78,89,100,107,88,107,125,111,111,136,116,0,0,0,0,0,0,0,0,0
0,0,0,0,0,0,0,2,94,103,95,83,102,103,107,114,117,131,130,0,0,0,0,0,0,0,0,0
0,0,0,0,0,0,0,0,102,124,81,109,78,97,99,121,122,120,133,0,0,0,0,0,0,0,0,0
0,0,0,0,0,0,0,0,114,97,104,103,96,91,104,122,115,129,125,0,0,0,0,0,0,0,0,0
0,0,0,0,0,0,0,1,117,109,86,101,86,91,122,105,107,134,127,0,0,0,0,0,0,0,0,0
0,0,0,0,0,0,0,0,74,96,86,87,100,102,107,114,121,144,137,0,0,0,0,0,0,0,0,0
0,0,0,0,0,0,0,0,116,109,91,102,101,79,95,102,134,131,134,0,0,0,0,0,0,0,0,0
0,0,0,0,0,0,0,0,118,97,100,90,96,93,109,123,126,114,124,0,0,0,0,0,0,0,0,0
0,0,0,0,0,0,0,0,100,86,90,97,109,91,106,102,133,129,123,0,0,0,0,0,0,0,0,0
0,0,0,0,0,0,0,1,107,107,98,84,103,96,96,119,115,121,124,0,0,0,0,0,0,0,0,0
0,0,0,0,0,0,0,1,102,115,84,102,90,108,98,129,121,126,115,0,0,0,0,0,0,0,0,0
0,0,0,0,0,0,0,0,97,106,86,90,92,96,97,114,116,142,131,0,0,0,0,0,0,0,0,0
0,0,0,0,0,0,0,0,110,110,96,88,102,82,118,112,121,116,137,0,0,0,0,0,0,0,0,0
0,0,0,0,0,0,0,0,107,97,98,84,84,97,86,112,132,133,144,0,0,0,0,0,0,0,0,0
0,0,0,0,0,0,0,0,126,104,102,88,90,92,95,112,132,114,126,0,0,0,0,0,0,0,0,0
0,0,0,0,0,0,0,1,110,90,95,106,78,113,115,114,118,114,129,0,0,0,0,0,0,0,0,0
0,0,0,0,0,0,0,1,106,95,90,103,88,91,102,106,117,140,133,0,0,0,0,0,0,0,0,0
0,0,0,0,0,0,0,1,104,95,103,80,85,92,109,124,100,137,151,0,0,0,0,0,0,0,0,0
0,0,0,0,0,0,0,1,94,118,79,106,106,85,91,121,117,124,132,0,0,0,0,0,0,0,0,0
0,0,0,0,0,0,0,0,131,101,96,93,73,102,108,128,111,129,116,0,0,0,0,0,0,0,0,0
0,0,0,0,0,0,0,1,107,80,109,103,93,91,96,101,124,123,148,0,0,0,0,0,0,0,0,0
0,0,0,0,0,0,0,0,110,117,89,82,88,102,120,106,125,122,123,0,0,0,0,0,0,0,0,0
0,0,0,0,0,0,0,1,110,105,89,96,90,107,89,124,114,126,131,0,0,0,0,0,0,0,0,0
0,0,0,0,0,0,0,0,110,119,92,93,87,105,97,92,134,111,145,0,0,0,0,0,0,0,0,0
0,0,0,0,0,0,0,0,123,103,110,86,84,105,106,101,102,121,143,0,0,0,0,0,0,0,0,0
0,0,0,0,0,0,0,0,94,99,106,94,105,96,128,108,94,142,122,0,0,0,0,0,0,0,0,0
0,0,0,0,0,0,0,0,104,89,79,89,69,93,131,109,121,146,134,0,0,0,0,0,0,0,0,0
0,0,0,0,0,0,0,0,107,126,115,94,94,90,108,114,111,113,118,0,0,0,0,0,0,0,0,0
0,0,0,0,0,0,0,1,99,119,111,112,96,83,102,104,109,129,130,0,0,0,0,0,0,0,0,0
0,0,0,0,0,0,0,1,102,98,104,101,102,105,97,97,120,113,145,0,0,0,0,0,0,0,0,0
0,0,0,0,0,0,0,1,92,120,97,106,88,117,101,107,113,111,128,0,0,0,0,0,0,0,0,0
0,0,0,0,0,0,0,1,107,99,118,91,93,91,106,114,115,106,153,0,0,0,0,0,0,0,0,0
0,0,0,0,0,0,0,1,93,101,92,79,94,89,119,116,134,113,136,0,0,0,0,0,0,0,0,0
0,0,0,0,0,0,0,0,129,109,92,85,84,76,120,120,131,123,121,0,0,0,0,0,0,0,0,0
0,0,0,0,0,0,0,0,113,102,87,94,109,104,108,98,123,137,125,0,0,0,0,0,0,0,0,0
0,0,0,0,0,0,0,0,127,94,92,90,88,98,91,113,131,125,128,0,0,0,0,0,0,0,0,0
0,0,0,0,0,0,0,0,113,99,108,94,90,106,87,108,123,121,135,0,0,0,0,0,0,0,0,0
0,0,0,0,0,0,0,0,101,93,101,95,99,105,100,117,115,128,133,0,0,0,0,0,0,0,0,0
0,0,0,0,0,0,0,0,120,99,88,95,86,102,116,103,133,125,119,0,0,0,0,0,0,0,0,0
0,0,0,0,0,0,0,0,109,101,88,80,88,116,114,109,119,121,146,0,0,0,0,0,0,0,0,0
0,0,0,0,0,0,0,1,114,100,102,93,83,94,91,143,128,124,117,0,0,0,0,0,0,0,0,0
0,0,0,0,0,0,0,0,126,98,94,106,87,100,100,112,109,139,106,0,0,0,0,0,0,0,0,0
0,0,0,0,0,0,0,1,125,98,91,99,96,86,98,93,131,122,140,0,0,0,0,0,0,0,0,0
0,0,0,0,0,0,0,0,106,91,105,93,90,107,112,109,119,107,139,0,0,0,0,0,0,0,0,0
0,0,0,0,0,0,0,0,106,94,97,102,106,100,96,109,122,124,135,0,0,0,0,0,0,0,0,0
0,0,0,0,0,0,0,1,98,88,102,80,87,108,115,113,111,133,137,0,0,0,0,0,0,0,0,0
0,0,0,0,0,0,0,1,114,95,87,89,102,89,97,122,130,109,145,0,0,0,0,0,0,0,0,0
0,0,0,0,0,0,0,0,107,107,105,88,82,103,101,118,117,126,131,0,0,0,0,0,0,0,0,0
0,0,0,0,0,0,0,0,126,119,96,85,109,75,111,105,109,129,123,0,0,0,0,0,0,0,0,0
0,0,0,0,0,0,0,0,99,110,111,84,90,92,106,115,139,114,116,0,0,0,0,0,0,0,0,0
0,0,0,0,0,0,0,0,107,114,103,76,101,103,105,103,127,123,127,0,0,0,0,0,0,0,0,0
0,0,0,0,0,0,0,0,106,82,97,101,107,106,98,110,131,122,127,0,0,0,0,0,0,0,0,0
0,0,0,0,0,0,0,1,121,91,96,87,94,89,97,117,133,128,128,0,0,0,0,0,0,0,0,0
0,0,0,0,0,0,0,1,106,117,87,98,87,99,101,114,128,124,117,0,0,0,0,0,0,0,0,0
0,0,0,0,0,0,0,0,113,99,96,95,84,119,106,119,108,119,126,0,0,0,0,0,0,0,0,0
0,0,0,0,0,0,0,1,95,92,95,93,113,106,116,111,123,123,131,0,0,0,0,0,0,0,0,0
0,0,0,0,0,0,0,0,102,107,95,86,96,91,107,99,118,135,136,0,0,0,0,0,0,0,0,0
0,0,0,0,0,0,0,2,100,120,75,100,98,116,99,107,115,106,152,0,0,0,0,0,0,0,0,0
0,0,0,0,0,0,0,0,113,102,95,92,84,105,117,94,134,117,140,0,0,0,0,0,0,0,0,0
0,0,0,0,0,0,0,1,105,107,89,101,102,93,98,126,141,120,119,0,0,0,0,0,0,0,0,0
0,0,0,0,0,0,0,0,109,102,82,93,88,107,120,117,117,111,134,0,0,0,0,0,0,0,0,0
0,0,0,0,0,0,0,2,103,91,90,93,84,107,94,119,110,125,147,0,0,0,0,0,0,0,0,0
0,0,0,0,0,0,0,0,116,98,100,73,84,107,110,125,124,113,129,0,0,0,0,0,0,0,0,0
0,0,0,0,0,0,0,1,108,92,76,107,84,102,117,122,119,114,134,0,0,0,0,0,0,0,0,0
0,0,0,0,0,0,0,0,128,89,99,93,92,109,110,101,109,129,122,0,0,0,0,0,0,0,0,0
0,0,0,0,0,0,0,0,97,99,90,97,114,106,95,112,120,113,138,0,0,0,0,0,0,0,0,0
0,0,0,0,0,0,0,0,114,93,108,96,97,103,108,107,124,113,138,0,0,0,0,0,0,0,0,0
0,0,0,0,0,0,0,1,89,114,94,89,109,103,99,112,119,122,129,0,0,0,0,0,0,0,0,0
0,0,0,0,0,0,0,0,81,105,78,101,81,96,100,128,119,117,152,0,0,0,0,0,0,0,0,0
0,0,0,0,0,0,0,0,100,93,102,91,92,107,94,118,128,128,123,0,0,0,0,0,0,0,0,0
0,0,0,0,0,0,0,1,95,102,95,117,99,103,105,99,118,130,117,0,0,0,0,0,0,0,0,0
0,0,0,0,0,0,0,2,110,98,83,90,89,107,100,113,131,118,144,0,0,0,0,0,0,0,0,0
0,0,0,0,0,0,0,0,118,91,113,88,80,84,116,118,120,117,140,0,0,0,0,0,0,0,0,0
0,0,0,0,0,0,0,0,129,107,100,88,86,90,107,123,115,108,134,0,0,0,0,0,0,0,0,0
0,0,0,0,0,0,0,1,123,103,87,81,97,90,116,106,125,129,119,0,0,0,0,0,0,0,0,0
0,0,0,0,0,0,0,0,80,102,88,107,100,107,112,107,129,116,136,0,0,0,0,0,0,0,0,0
0,0,0,0,0,0,0,0,102,105,90,112,87,91,101,127,120,111,133,0,0,0,0,0,0,0,0,0
0,0,0,0,0,0,0,1,107,101,97,90,78,102,116,116,133,111,126,0,0,0,0,0,0,0,0,0
0,0,0,0,0,0,0,1,99,96,100,123,84,95,94,108,122,129,123,0,0,0,0,0,0,0,0,0
0,0,0,0,0,0,0,0,117,113,105,81,101,88,95,107,133,120,126,0,0,0,0,0,0,0,0,0
0,0,0,0,0,0,0,1,118,96,102,75,98,82,113,114,112,130,137,0,0,0,0,0,0,0,0,0
0,0,0,0,0,0,0,0,112,96,101,107,83,93,111,118,123,121,120,0,0,0,0,0,0,0,0,0
0,0,0,0,0,0,0,0,120,93,111,91,93,106,119,124,91,114,120,0,0,0,0,0,0,0,0,0
0,0,0,0,0,0,0,0,118,93,97,83,86,97,102,112,107,131,146,0,0,0,0,0,0,0,0,0
0,0,0,0,0,0,0,1,106,99,97,114,79,98,108,109,117,112,136,0,0,0,0,0,0,0,0,0
0,0,0,0,0,0,0,0,88,113,112,104,79,98,130,106,110,123,119,0,0,0,0,0,0,0,0,0
0,0,0,0,0,0,0,0,110,108,94,95,77,105,100,130,126,115,118,0,0,0,0,0,0,0,0,0
0,0,0,0,0,0,0,0,114,99,82,104,85,93,103,118,102,118,153,0,0,0,0,0,0,0,0,0
0,0,0,0,0,0,0,0,118,102,84,96,111,101,90,111,125,133,111,0,0,0,0,0,0,0,0,0
0,0,0,0,0,0,0,0,92,114,90,99,109,103,96,99,133,127,122,0,0,0,0,0,0,0,0,0
0,0,0,0,0,0,0,2,110,89,102,86,104,114,105,125,112,118,119,0,0,0,0,0,0,0,0,0
0,0,0,0,0,0,0,0,124,103,83,75,97,81,119,129,124,122,126,0,0,0,0,0,0,0,0,0
