0,0,0,0,0,28,56,70,62,68,67,44,12,2,0,0,0,0,0,0,0,0,0,0,0,0,0,0
0,0,0,0,0,27,45,64,68,72,59,54,14,0,0,0,0,0,0,0,0,0,0,0,0,0,0,0
0,0,0,0,0,21,56,55,72,69,67,48,15,0,0,0,0,0,0,0,0,0,0,0,0,0,0,0
0,0,0,0,0,20,44,52,57,66,72,62,22,0,0,0,0,0,0,0,0,0,0,0,0,0,0,0
0,0,0,0,0,25,54,70,70,79,63,37,11,0,0,0,0,0,0,0,0,0,0,0,0,0,0,0
0,0,0,0,0,20,54,63,56,69,68,55,16,1,0,0,0,0,0,0,0,0,0,0,0,0,0,0
0,0,0,0,0,30,48,72,62,75,70,30,18,0,0,0,0,0,0,0,0,0,0,0,0,0,0,0
0,0,0,0,0,35,56,64,63,62,66,42,16,0,0,0,0,0,0,0,0,0,0,0,0,0,0,0
0,0,0,0,0,16,50,66,68,75,61,49,18,0,0,0,0,0,0,0,0,0,0,0,0,0,0,0
0,0,0,0,0,32,46,61,79,71,53,44,18,0,0,0,0,0,0,0,0,0,0,0,0,0,0,0
0,0,0,0,0,18,56,71,69,61,68,41,18,1,0,0,0,0,0,0,0,0,0,0,0,0,0,0
0,0,0,0,0,28,57,52,66,69,71,44,16,1,0,0,0,0,0,0,0,0,0,0,0,0,0,0
0,0,0,0,0,30,48,57,64,75,66,52,10,0,0,0,0,0,0,0,0,0,0,0,0,0,0,0
0,0,0,0,0,22,69,56,69,67,67,46,11,0,0,0,0,0,0,0,0,0,0,0,0,0,0,0
0,0,0,0,0,26,56,69,55,62,73,48,13,1,0,0,0,0,0,0,0,0,0,0,0,0,0,0
0,0,0,0,0,25,52,59,66,73,68,53,11,0,0,0,0,0,0,0,0,0,0,0,0,0,0,0
0,0,0,0,0,34,37,62,71,79,68,35,14,2,0,0,0,0,0,0,0,0,0,0,0,0,0,0
0,0,0,0,0,23,53,74,64,71,60,48,13,0,0,0,0,0,0,0,0,0,0,0,0,0,0,0
0,0,0,0,0,25,64,67,58,67,62,50,13,1,0,0,0,0,0,0,0,0,0,0,0,0,0,0
0,0,0,0,0,17,67,63,68,67,66,42,14,1,0,0,0,0,0,0,0,0,0,0,0,0,0,0
0,0,0,0,0,35,58,71,58,71,63,43,10,2,0,0,0,0,0,0,0,0,0,0,0,0,0,0
0,0,0,0,0,32,53,60,63,69,59,49,19,1,0,0,0,0,0,0,0,0,0,0,0,0,0,0
0,0,0,0,0,21,57,75,71,60,54,51,14,1,0,0,0,0,0,0,0,0,0,0,0,0,0,0
0,0,0,0,0,27,55,59,72,60,76,37,15,1,0,0,0,0,0,0,0,0,0,0,0,0,0,0
0,0,0,0,0,31,58,62,72,60,62,50,9,0,0,0,0,0,0,0,0,0,0,0,0,0,0,0
0,0,0,0,0,33,54,54,84,60,57,50,16,0,0,0,0,0,0,0,0,0,0,0,0,0,0,0
0,0,0,0,0,26,63,62,53,75,70,46,10,0,0,0,0,0,0,0,0,0,0,0,0,0,0,0
0,0,0,0,0,21,49,62,77,70,62,41,21,0,0,0,0,0,0,0,0,0,0,0,0,0,0,0
0,0,0,0,0,21,62,67,60,76,64,42,11,1,0,0,0,0,0,0,0,0,0,0,0,0,0,0
0,0,0,0,0,16,56,62,74,61,70,47,15,1,0,0,0,0,0,0,0,0,0,0,0,0,0,0
0,0,0,0,0,22,43,71,67,67,61,50,16,0,0,0,0,0,0,0,0,0,0,0,0,0,0,0
0,0,0,0,0,22,41,49,75,74,72,50,16,0,0,0,0,0,0,0,0,0,0,0,0,0,0,0
0,0,0,0,0,40,54,72,57,65,70,37,12,2,0,0,0,0,0,0,0,0,0,0,0,0,0,0
0,0,0,0,0,27,48,60,58,83,59,54,14,0,0,0,0,0,0,0,0,0,0,0,0,0,0,0
0,0,0,0,0,26,55,76,61,69,62,43,18,0,0,0,0,0,0,0,0,0,0,0,0,0,0,0
0,0,0,0,0,21,62,67,65,71,59,45,16,0,0,0,0,0,0,0,0,0,0,0,0,0,0,0
0,0,0,0,0,29,54,69,57,72,70,43,13,0,0,0,0,0,0,0,0,0,0,0,0,0,0,0
0,0,0,0,0,30,65,68,57,66,70,42,10,0,0,0,0,0,0,0,0,0,0,0,0,0,0,0
0,0,0,0,0,25,59,71,64,69,66,42,14,0,0,0,0,0,0,0,0,0,0,0,0,0,0,0
0,0,0,0,0,29,46,61,67,81,67,39,11,1,0,0,0,0,0,0,0,0,0,0,0,0,0,0
0,0,0,0,0,29,43,57,79,69,63,45,21,0,0,0,0,0,0,0,0,0,0,0,0,0,0,0
0,0,0,0,0,23,48,62,64,79,63,53,12,0,0,0,0,0,0,0,0,0,0,0,0,0,0,0
0,0,0,0,0,35,60,57,65,70,74,41,6,1,0,0,0,0,0,0,0,0,0,0,0,0,0,0
0,0,0,0,0,34,54,74,71,66,61,39,11,0,0,0,0,0,0,0,0,0,0,0,0,0,0,0
0,0,0,0,0,24,52,62,76,63,71,47,9,0,0,0,0,0,0,0,0,0,0,0,0,0,0,0
0,0,0,0,0,20,48,51,69,67,66,63,16,0,0,0,0,0,0,0,0,0,0,0,0,0,0,0
0,0,0,0,0,26,63,67,71,65,65,49,5,1,0,0,0,0,0,0,0,0,0,0,0,0,0,0
0,0,0,0,0,24,65,56,68,66,64,42,20,0,0,0,0,0,0,0,0,0,0,0,0,0,0,0
0,0,0,0,0,23,46,62,62,79,69,45,13,1,0,0,0,0,0,0,0,0,0,0,0,0,0,0
0,0,0,0,0,22,50,73,60,63,63,60,12,0,0,0,0,0,0,0,0,0,0,0,0,0,0,0
0,0,0,0,0,22,43,67,68,68,77,53,6,2,0,0,0,0,0,0,0,0,0,0,0,0,0,0
0,0,0,0,0,23,58,63,83,78,42,45,16,0,0,0,0,0,0,0,0,0,0,0,0,0,0,0
0,0,0,0,0,23,58,61,64,65,73,38,18,0,0,0,0,0,0,0,0,0,0,0,0,0,0,0
0,0,0,0,0,25,53,78,66,71,62,48,6,0,0,0,0,0,0,0,0,0,0,0,0,0,0,0
0,0,0,0,0,22,68,59,66,73,71,42,7,0,0,0,0,0,0,0,0,0,0,0,0,0,0,0
0,0,0,0,0,25,62,69,72,58,56,48,17,1,0,0,0,0,0,0,0,0,0,0,0,0,0,0
0,0,0,0,0,33,59,65,69,56,67,53,5,2,0,0,0,0,0,0,0,0,0,0,0,0,0,0
0,0,0,0,0,26,51,59,62,71,68,48,15,2,0,0,0,0,0,0,0,0,0,0,0,0,0,0
0,0,0,0,0,26,44,61,61,68,77,50,12,0,0,0,0,0,0,0,0,0,0,0,0,0,0,0
0,0,0,0,0,30,64,61,72,73,72,35,7,0,0,0,0,0,0,0,0,0,0,0,0,0,0,0
0,0,0,0,0,21,44,63,56,63,72,50,23,3,0,0,0,0,0,0,0,0,0,0,0,0,0,0
0,0,0,0,0,35,59,62,79,73,61,36,7,0,0,0,0,0,0,0,0,0,0,0,0,0,0,0
0,0,0,0,0,16,61,52,67,67,74,53,10,0,0,0,0,0,0,0,0,0,0,0,0,0,0,0
0,0,0,0,0,27,50,61,75,74,62,44,9,2,0,0,0,0,0,0,0,0,0,0,0,0,0,0
0,0,0,0,0,27,47,78,71,56,61,55,12,0,0,0,0,0,0,0,0,0,0,0,0,0,0,0
0,0,0,0,0,25,43,56,73,70,67,58,11,0,0,0,0,0,0,0,0,0,0,0,0,0,0,0
0,0,0,0,0,26,56,57,63,65,59,52,22,1,0,0,0,0,0,0,0,0,0,0,0,0,0,0
0,0,0,0,0,27,56,66,78,66,71,35,11,0,0,0,0,0,0,0,0,0,0,0,0,0,0,0
0,0,0,0,0,23,62,65,67,68,63,47,9,0,0,0,0,0,0,0,0,0,0,0,0,0,0,0
0,0,0,0,0,28,52,45,69,65,66,44,32,0,0,0,0,0,0,0,0,0,0,0,0,0,0,0
0,0,0,0,0,23,54,58,63,68,75,46,17,0,0,0,0,0,0,0,0,0,0,0,0,0,0,0
0,0,0,0,0,24,53,70,66,79,66,41,12,0,0,0,0,0,0,0,0,0,0,0,0,0,0,0
0,0,0,0,0,23,66,64,61,69,60,50,13,0,0,0,0,0,0,0,0,0,0,0,0,0,0,0
0,0,0,0,0,24,62,59,66,69,69,45,13,0,0,0,0,0,0,0,0,0,0,0,0,0,0,0
0,0,0,0,0,26,53,74,58,77,60,42,14,1,0,0,0,0,0,0,0,0,0,0,0,0,0,0
0,0,0,0,0,29,64,63,57,73,60,44,16,0,0,0,0,0,0,0,0,0,0,0,0,0,0,0
0,0,0,0,0,26,71,69,63,58,65,44,11,1,0,0,0,0,0,0,0,0,0,0,0,0,0,0
0,0,0,0,0,12,62,68,62,69,63,50,15,1,0,0,0,0,0,0,0,0,0,0,0,0,0,0
0,0,0,0,0,27,46,59,65,71,64,58,12,0,0,0,0,0,0,0,0,0,0,0,0,0,0,0
0,0,0,0,0,29,46,54,89,72,69,43,6,2,0,0,0,0,0,0,0,0,0,0,0,0,0,0
0,0,0,0,0,23,50,68,80,57,69,48,11,0,0,0,0,0,0,0,0,0,0,0,0,0,0,0
0,0,0,0,0,24,59,71,65,65,62,48,13,0,0,0,0,0,0,0,0,0,0,0,0,0,0,0
0,0,0,0,0,20,57,51,61,65,71,62,14,0,0,0,0,0,0,0,0,0,0,0,0,0,0,0
0,0,0,0,0,18,63,60,64,70,86,37,8,0,0,0,0,0,0,0,0,0,0,0,0,0,0,0
0,0,0,0,0,23,60,82,60,54,71,48,8,1,0,0,0,0,0,0,0,0,0,0,0,0,0,0
0,0,0,0,0,29,51,56,55,73,77,42,18,1,0,0,0,0,0,0,0,0,0,0,0,0,0,0
0,0,0,0,0,31,56,62,69,61,69,50,9,0,0,0,0,0,0,0,0,0,0,0,0,0,0,0
0,0,0,0,0,20,53,86,75,61,71,33,12,0,0,0,0,0,0,0,0,0,0,0,0,0,0,0
0,0,0,0,0,31,59,54,62,74,58,49,19,0,0,0,0,0,0,0,0,0,0,0,0,0,0,0
0,0,0,0,0,24,52,62,63,69,59,52,18,1,0,0,0,0,0,0,0,0,0,0,0,0,0,0
0,0,0,0,0,24,58,65,70,65,66,41,18,0,0,0,0,0,0,0,0,0,0,0,0,0,0,0
0,0,0,0,0,21,60,78,61,74,59,49,6,0,0,0,0,0,0,0,0,0,0,0,0,0,0,0
0,0,0,0,0,37,46,55,63,72,71,50,12,0,0,0,0,0,0,0,0,0,0,0,0,0,0,0
0,0,0,0,0,27,59,61,62,69,71,50,9,1,0,0,0,0,0,0,0,0,0,0,0,0,0,0
0,0,0,0,0,40,59,60,63,64,56,55,12,0,0,0,0,0,0,0,0,0,0,0,0,0,0,0
0,0,0,0,0,24,64,72,64,70,55,50,10,1,0,0,0,0,0,0,0,0,0,0,0,0,0,0
0,0,0,0,0,29,57,84,74,50,52,58,9,1,0,0,0,0,0,0,0,0,0,0,0,0,0,0
0,0,0,0,0,19,74,66,54,64,68,48,16,0,0,0,0,0,0,0,0,0,0,0,0,0,0,0
0,0,0,0,0,27,54,73,56,70,68,45,11,0,0,0,0,0,0,0,0,0,0,0,0,0,0,0
0,0,0,0,0,27,70,52,77,67,64,39,11,0,0,0,0,0,0,0,0,0,0,0,0,0,0,0
0,0,0,0,0,26,48,65,65,71,72,49,10,0,0,0,0,0,0,0,0,0,0,0,0,0,0,0
0,0,0,0,0,21,65,63,80,79,52,41,9,0,0,0,0,0,0,0,0,0,0,0,0,0,0,0
0,0,0,0,0,28,53,54,70,76,52,58,12,0,0,0,0,0,0,0,0,0,0,0,0,0,0,0
0,0,0,0,0,34,42,63,68,54,76,58,11,0,0,0,0,0,0,0,0,0,0,0,0,0,0,0
0,0,0,0,0,20,59,64,65,66,71,40,18,0,0,0,0,0,0,0,0,0,0,0,0,0,0,0
0,0,0,0,0,25,53,73,67,80,55,46,10,0,0,0,0,0,0,0,0,0,0,0,0,0,0,0
0,0,0,0,0,23,60,62,69,58,69,52,14,0,0,0,0,0,0,0,0,0,0,0,0,0,0,0
0,0,0,0,0,29,48,74,59,67,67,47,16,0,0,0,0,0,0,0,0,0,0,0,0,0,0,0
0,0,0,0,0,26,60,64,58,70,64,53,12,0,0,0,0,0,0,0,0,0,0,0,0,0,0,0
0,0,0,0,0,32,37,65,62,82,68,40,13,1,0,0,0,0,0,0,0,0,0,0,0,0,0,0
0,0,0,0,0,18,58,60,52,73,67,52,19,1,0,0,0,0,0,0,0,0,0,0,0,0,0,0
0,0,0,0,0,25,60,61,76,64,63,45,15,0,0,0,0,0,0,0,0,0,0,0,0,0,0,0
0,0,0,0,0,34,58,63,63,76,61,47,8,0,0,0,0,0,0,0,0,0,0,0,0,0,0,0
0,0,0,0,0,37,58,62,69,62,67,43,10,2,0,0,0,0,0,0,0,0,0,0,0,0,0,0
0,0,0,0,0,16,67,70,63,67,69,42,13,0,0,0,0,0,0,0,0,0,0,0,0,0,0,0
0,0,0,0,0,27,49,64,76,68,67,43,12,1,0,0,0,0,0,0,0,0,0,0,0,0,0,0
0,0,0,0,0,22,53,66,63,63,70,50,15,1,0,0,0,0,0,0,0,0,0,0,0,0,0,0
0,0,0,0,0,43,43,67,73,66,79,32,8,0,0,0,0,0,0,0,0,0,0,0,0,0,0,0
0,0,0,0,0,25,37,65,66,67,65,60,16,0,0,0,0,0,0,0,0,0,0,0,0,0,0,0
0,0,0,0,0,35,63,55,52,69,71,46,12,1,0,0,0,0,0,0,0,0,0,0,0,0,0,0
0,0,0,0,0,25,70,76,59,52,54,49,23,2,0,0,0,0,0,0,0,0,0,0,0,0,0,0
0,0,0,0,0,26,59,76,70,67,71,30,13,0,0,0,0,0,0,0,0,0,0,0,0,0,0,0
0,0,0,0,0,27,61,67,72,62,67,42,9,2,0,0,0,0,0,0,0,0,0,0,0,0,0,0
0,0,0,0,0,32,61,56,66,60,59,57,13,1,0,0,0,0,0,0,0,0,0,0,0,0,0,0
0,0,0,0,0,28,50,67,59,72,63,54,12,1,0,0,0,0,0,0,0,0,0,0,0,0,0,0
0,0,0,0,0,27,68,56,75,59,66,53,6,0,0,0,0,0,0,0,0,0,0,0,0,0,0,0
0,0,0,0,0,23,53,67,60,71,85,34,13,0,0,0,0,0,0,0,0,0,0,0,0,0,0,0
0,0,0,0,0,20,68,62,64,67,60,47,15,1,0,0,0,0,0,0,0,0,0,0,0,0,0,0
0,0,0,0,0,27,55,60,76,60,64,46,16,0,0,0,0,0,0,0,0,0,0,0,0,0,0,0
0,0,0,0,0,23,53,62,60,73,74,49,12,1,0,0,0,0,0,0,0,0,0,0,0,0,0,0
0,0,0,0,0,24,68,64,67,60,67,52,9,0,0,0,0,0,0,0,0,0,0,0,0,0,0,0
0,0,0,0,0,21,59,70,59,73,62,48,14,1,0,0,0,0,0,0,0,0,0,0,0,0,0,0
0,0,0,0,0,31,61,64,67,60,75,48,6,0,0,0,0,0,0,0,0,0,0,0,0,0,0,0
0,0,0,0,0,26,65,67,63,66,59,43,12,2,0,0,0,0,0,0,0,0,0,0,0,0,0,0
0,0,0,0,0,30,69,65,56,79,66,37,8,1,0,0,0,0,0,0,0,0,0,0,0,0,0,0
0,0,0,0,0,26,53,83,51,69,65,51,12,0,0,0,0,0,0,0,0,0,0,0,0,0,0,0
0,0,0,0,0,24,71,52,66,63,71,52,14,0,0,0,0,0,0,0,0,0,0,0,0,0,0,0
0,0,0,0,0,26,47,67,76,66,66,52,10,0,0,0,0,0,0,0,0,0,0,0,0,0,0,0
0,0,0,0,0,29,48,66,60,64,71,52,15,1,0,0,0,0,0,0,0,0,0,0,0,0,0,0
0,0,0,0,0,19,62,61,82,58,75,42,7,0,0,0,0,0,0,0,0,0,0,0,0,0,0,0
0,0,0,0,0,29,69,62,74,82,39,50,8,0,0,0,0,0,0,0,0,0,0,0,0,0,0,0
0,0,0,0,0,26,50,70,65,80,56,48,9,1,0,0,0,0,0,0,0,0,0,0,0,0,0,0
0,0,0,0,0,24,61,71,61,67,62,56,8,0,0,0,0,0,0,0,0,0,0,0,0,0,0,0
0,0,0,0,0,20,53,62,69,68,64,52,17,0,0,0,0,0,0,0,0,0,0,0,0,0,0,0
0,0,0,0,0,27,55,62,62,62,77,43,14,3,0,0,0,0,0,0,0,0,0,0,0,0,0,0
0,0,0,0,0,24,50,60,72,65,78,43,10,0,0,0,0,0,0,0,0,0,0,0,0,0,0,0
0,0,0,0,0,24,37,71,73,68,66,48,14,0,0,0,0,0,0,0,0,0,0,0,0,0,0,0
0,0,0,0,0,31,53,62,53,68,75,44,17,1,0,0,0,0,0,0,0,0,0,0,0,0,0,0
0,0,0,0,0,23,56,61,69,72,75,37,10,1,0,0,0,0,0,0,0,0,0,0,0,0,0,0
0,0,0,0,0,22,67,58,70,64,65,51,10,0,0,0,0,0,0,0,0,0,0,0,0,0,0,0
0,0,0,0,0,29,52,71,64,69,62,46,12,0,0,0,0,0,0,0,0,0,0,0,0,0,0,0
0,0,0,0,0,26,45,62,57,70,77,49,15,1,0,0,0,0,0,0,0,0,0,0,0,0,0,0
0,0,0,0,0,24,45,48,59,69,75,58,18,1,0,0,0,0,0,0,0,0,0,0,0,0,0,0
0,0,0,0,0,21,62,59,67,56,70,47,19,2,0,0,0,0,0,0,0,0,0,0,0,0,0,0
0,0,0,0,0,33,57,66,65,81,60,43,7,0,0,0,0,0,0,0,0,0,0,0,0,0,0,0
0,0,0,0,0,31,53,73,70,57,67,38,19,2,0,0,0,0,0,0,0,0,0,0,0,0,0,0
0,0,0,0,0,31,61,55,65,77,66,41,12,1,0,0,0,0,0,0,0,0,0,0,0,0,0,0
0,0,0,0,0,32,51,69,68,69,68,40,10,0,0,0,0,0,0,0,0,0,0,0,0,0,0,0
0,0,0,0,0,20,56,53,77,56,70,59,12,0,0,0,0,0,0,0,0,0,0,0,0,0,0,0
0,0,0,0,0,33,59,49,69,68,74,41,12,0,0,0,0,0,0,0,0,0,0,0,0,0,0,0
0,0,0,0,0,30,52,64,72,53,79,43,13,0,0,0,0,0,0,0,0,0,0,0,0,0,0,0
0,0,0,0,0,29,47,68,67,67,75,42,13,0,0,0,0,0,0,0,0,0,0,0,0,0,0,0
0,0,0,0,0,37,54,53,66,73,68,50,10,0,0,0,0,0,0,0,0,0,0,0,0,0,0,0
0,0,0,0,0,23,55,70,74,74,59,40,14,0,0,0,0,0,0,0,0,0,0,0,0,0,0,0
0,0,0,0,0,29,53,70,64,74,62,46,9,0,0,0,0,0,0,0,0,0,0,0,0,0,0,0
0,0,0,0,0,27,43,73,73,69,67,44,11,0,0,0,0,0,0,0,0,0,0,0,0,0,0,0
0,0,0,0,0,25,54,71,67,74,59,40,15,1,0,0,0,0,0,0,0,0,0,0,0,0,0,0
0,0,0,0,0,24,54,66,68,70,69,41,15,1,0,0,0,0,0,0,0,0,0,0,0,0,0,0
0,0,0,0,0,29,56,64,60,67,78,43,12,0,0,0,0,0,0,0,0,0,0,0,0,0,0,0
0,0,0,0,0,26,57,62,64,66,66,46,19,2,0,0,0,0,0,0,0,0,0,0,0,0,0,0
0,0,0,0,0,31,49,71,62,82,61,37,17,0,0,0,0,0,0,0,0,0,0,0,0,0,0,0
0,0,0,0,0,20,56,64,74,68,66,46,11,0,0,0,0,0,0,0,0,0,0,0,0,0,0,0
0,0,0,0,0,36,54,68,62,60,76,36,13,0,0,0,0,0,0,0,0,0,0,0,0,0,0,0
0,0,0,0,0,29,45,64,76,73,65,39,17,0,0,0,0,0,0,0,0,0,0,0,0,0,0,0
0,0,0,0,0,33,66,65,58,77,62,47,6,0,0,0,0,0,0,0,0,0,0,0,0,0,0,0
0,0,0,0,0,26,53,58,54,72,62,59,17,1,0,0,0,0,0,0,0,0,0,0,0,0,0,0
0,0,0,0,0,30,56,52,59,67,66,56,13,1,0,0,0,0,0,0,0,0,0,0,0,0,0,0
0,0,0,0,0,28,42,59,71,61,87,43,13,1,0,0,0,0,0,0,0,0,0,0,0,0,0,0
0,0,0,0,0,26,60,61,65,69,57,53,14,0,0,0,0,0,0,0,0,0,0,0,0,0,0,0
0,0,0,0,0,23,49,62,66,65,72,54,11,0,0,0,0,0,0,0,0,0,0,0,0,0,0,0
0,0,0,0,0,24,55,62,61,71,51,57,21,1,0,0,0,0,0,0,0,0,0,0,0,0,0,0
0,0,0,0,0,33,53,60,69,63,77,43,9,1,0,0,0,0,0,0,0,0,0,0,0,0,0,0
0,0,0,0,0,30,60,58,62,68,66,43,16,0,0,0,0,0,0,0,0,0,0,0,0,0,0,0
0,0,0,0,0,17,64,58,78,64,59,61,8,0,0,0,0,0,0,0,0,0,0,0,0,0,0,0
0,0,0,0,0,25,55,77,55,62,66,49,13,0,0,0,0,0,0,0,0,0,0,0,0,0,0,0
0,0,0,0,0,33,61,48,74,78,60,41,10,1,0,0,0,0,0,0,0,0,0,0,0,0,0,0
0,0,0,0,0,38,53,64,65,69,65,43,9,0,0,0,0,0,0,0,0,0,0,0,0,0,0,0
0,0,0,0,0,26,55,67,76,65,59,41,17,0,0,0,0,0,0,0,0,0,0,0,0,0,0,0
0,0,0,0,0,21,68,71,68,67,57,39,15,2,0,0,0,0,0,0,0,0,0,0,0,0,0,0
0,0,0,0,0,17,42,59,77,64,81,43,16,1,0,0,0,0,0,0,0,0,0,0,0,0,0,0
0,0,0,0,0,32,53,62,61,73,68,42,14,1,0,0,0,0,0,0,0,0,0,0,0,0,0,0
0,0,0,0,0,27,39,66,77,64,68,53,10,0,0,0,0,0,0,0,0,0,0,0,0,0,0,0
0,0,0,0,0,48,59,56,73,49,69,51,8,0,0,0,0,0,0,0,0,0,0,0,0,0,0,0
0,0,0,0,0,26,63,65,51,71,78,43,12,0,0,0,0,0,0,0,0,0,0,0,0,0,0,0
0,0,0,0,0,23,53,62,75,77,57,44,9,3,0,0,0,0,0,0,0,0,0,0,0,0,0,0
0,0,0,0,0,27,57,60,63,78,68,34,20,0,0,0,0,0,0,0,0,0,0,0,0,0,0,0
0,0,0,0,0,35,58,59,70,66,68,48,8,1,0,0,0,0,0,0,0,0,0,0,0,0,0,0
0,0,0,0,0,30,66,74,78,66,64,28,7,0,0,0,0,0,0,0,0,0,0,0,0,0,0,0
0,0,0,0,0,34,63,66,71,68,63,39,7,2,0,0,0,0,0,0,0,0,0,0,0,0,0,0
0,0,0,0,0,32,42,67,67,80,69,36,14,1,0,0,0,0,0,0,0,0,0,0,0,0,0,0
0,0,0,0,0,27,59,71,63,73,58,47,10,1,0,0,0,0,0,0,0,0,0,0,0,0,0,0
0,0,0,0,0,27,61,58,63,80,61,40,13,2,0,0,0,0,0,0,0,0,0,0,0,0,0,0
0,0,0,0,0,35,55,70,66,68,72,42,6,0,0,0,0,0,0,0,0,0,0,0,0,0,0,0
0,0,0,0,0,28,62,53,60,68,63,49,17,0,0,0,0,0,0,0,0,0,0,0,0,0,0,0
0,0,0,0,0,16,52,54,66,68,67,54,19,1,0,0,0,0,0,0,0,0,0,0,0,0,0,0
0,0,0,0,0,21,46,57,86,75,59,49,12,0,0,0,0,0,0,0,0,0,0,0,0,0,0,0
0,0,0,0,0,24,51,63,73,68,57,55,14,1,0,0,0,0,0,0,0,0,0,0,0,0,0,0
0,0,0,0,0,35,63,71,65,74,57,38,9,0,0,0,0,0,0,0,0,0,0,0,0,0,0,0
0,0,0,0,0,33,55,53,60,80,72,34,12,3,0,0,0,0,0,0,0,0,0,0,0,0,0,0
0,0,0,0,0,22,56,64,69,75,65,46,8,0,0,0,0,0,0,0,0,0,0,0,0,0,0,0
0,0,0,0,0,28,57,56,58,59,75,54,13,1,0,0,0,0,0,0,0,0,0,0,0,0,0,0
0,0,0,0,0,35,49,59,69,66,63,49,13,0,0,0,0,0,0,0,0,0,0,0,0,0,0,0
0,0,0,0,0,29,60,71,63,75,67,30,12,1,0,0,0,0,0,0,0,0,0,0,0,0,0,0
0,0,0,0,0,25,60,74,63,67,65,39,15,0,0,0,0,0,0,0,0,0,0,0,0,0,0,0
0,0,0,0,0,32,57,61,72,72,60,40,13,2,0,0,0,0,0,0,0,0,0,0,0,0,0,0
0,0,0,0,0,22,69,65,69,65,59,46,17,0,0,0,0,0,0,0,0,0,0,0,0,0,0,0
0,0,0,0,0,23,68,66,55,70,61,48,15,2,0,0,0,0,0,0,0,0,0,0,0,0,0,0
0,0,0,0,0,14,50,49,67,69,75,42,24,2,0,0,0,0,0,0,0,0,0,0,0,0,0,0
0,0,0,0,0,27,60,73,73,49,64,48,7,1,0,0,0,0,0,0,0,0,0,0,0,0,0,0
0,0,0,0,0,28,72,62,55,73,64,36,19,0,0,0,0,0,0,0,0,0,0,0,0,0,0,0
0,0,0,0,0,17,54,67,74,66,81,39,11,0,0,0,0,0,0,0,0,0,0,0,0,0,0,0
0,0,0,0,0,23,59,65,75,68,59,41,13,1,0,0,0,0,0,0,0,0,0,0,0,0,0,0
0,0,0,0,0,25,52,77,63,67,59,55,11,0,0,0,0,0,0,0,0,0,0,0,0,0,0,0
0,0,0,0,0,32,57,69,64,56,69,49,13,0,0,0,0,0,0,0,0,0,0,0,0,0,0,0
0,0,0,0,0,26,59,55,85,63,61,45,13,0,0,0,0,0,0,0,0,0,0,0,0,0,0,0
0,0,0,0,0,28,59,70,75,60,60,42,17,1,0,0,0,0,0,0,0,0,0,0,0,0,0,0
0,0,0,0,0,28,45,67,69,78,63,41,10,2,0,0,0,0,0,0,0,0,0,0,0,0,0,0
0,0,0,0,0,25,66,72,61,78,57,37,11,0,0,0,0,0,0,0,0,0,0,0,0,0,0,0
0,0,0,0,0,21,55,66,68,64,70,50,9,0,0,0,0,0,0,0,0,0,0,0,0,0,0,0
0,0,0,0,0,25,53,70,76,62,65,45,13,0,0,0,0,0,0,0,0,0,0,0,0,0,0,0
0,0,0,0,0,27,48,55,61,84,66,49,11,0,0,0,0,0,0,0,0,0,0,0,0,0,0,0
0,0,0,0,0,32,63,68,67,72,61,37,11,0,0,0,0,0,0,0,0,0,0,0,0,0,0,0
0,0,0,0,0,32,60,58,54,74,68,51,11,2,0,0,0,0,0,0,0,0,0,0,0,0,0,0
0,0,0,0,0,23,60,70,61,71,66,48,9,1,0,0,0,0,0,0,0,0,0,0,0,0,0,0
0,0,0,0,0,24,55,81,75,79,55,30,12,0,0,0,0,0,0,0,0,0,0,0,0,0,0,0
0,0,0,0,0,32,64,72,57,77,58,38,12,0,0,0,0,0,0,0,0,0,0,0,0,0,0,0
0,0,0,0,0,27,59,62,68,68,62,47,12,1,0,0,0,0,0,0,0,0,0,0,0,0,0,0
0,0,0,0,0,30,65,63,66,59,69,41,15,1,0,0,0,0,0,0,0,0,0,0,0,0,0,0
0,0,0,0,0,31,52,66,72,60,68,49,8,0,0,0,0,0,0,0,0,0,0,0,0,0,0,0
0,0,0,0,0,20,63,49,51,83,74,47,12,1,0,0,0,0,0,0,0,0,0,0,0,0,0,0
0,0,0,0,0,22,59,55,63,73,55,61,12,1,0,0,0,0,0,0,0,0,0,0,0,0,0,0
0,0,0,0,0,22,51,76,82,57,53,57,9,0,0,0,0,0,0,0,0,0,0,0,0,0,0,0
0,0,0,0,0,25,58,66,63,78,60,49,9,0,0,0,0,0,0,0,0,0,0,0,0,0,0,0
0,0,0,0,0,25,63,63,86,56,62,44,10,0,0,0,0,0,0,0,0,0,0,0,0,0,0,0
0,0,0,0,0,26,73,69,61,62,67,42,9,0,0,0,0,0,0,0,0,0,0,0,0,0,0,0
0,0,0,0,0,31,56,76,73,52,62,48,10,1,0,0,0,0,0,0,0,0,0,0,0,0,0,0
0,0,0,0,0,31,63,57,66,74,66,40,10,0,0,0,0,0,0,0,0,0,0,0,0,0,0,0
0,0,0,0,0,31,44,72,58,64,78,46,10,0,0,0,0,0,0,0,0,0,0,0,0,0,0,0
0,0,0,0,0,21,57,71,78,55,71,41,12,2,0,0,0,0,0,0,0,0,0,0,0,0,0,0
0,0,0,0,0,21,47,66,65,71,58,58,16,0,0,0,0,0,0,0,0,0,0,0,0,0,0,0
0,0,0,0,0,29,55,53,69,76,59,51,12,0,0,0,0,0,0,0,0,0,0,0,0,0,0,0
0,0,0,0,0,19,65,72,58,72,64,46,14,0,0,0,0,0,0,0,0,0,0,0,0,0,0,0
0,0,0,0,0,25,59,58,72,53,67,61,11,0,0,0,0,0,0,0,0,0,0,0,0,0,0,0
0,0,0,0,0,35,49,73,64,65,63,40,13,1,0,0,0,0,0,0,0,0,0,0,0,0,0,0
0,0,0,0,0,26,61,51,62,72,65,52,18,0,0,0,0,0,0,0,0,0,0,0,0,0,0,0
0,0,0,0,0,22,48,69,71,61,63,52,18,1,0,0,0,0,0,0,0,0,0,0,0,0,0,0
0,0,0,0,0,24,49,65,67,72,78,39,12,0,0,0,0,0,0,0,0,0,0,0,0,0,0,0
0,0,0,0,0,22,45,77,58,67,65,49,18,1,0,0,0,0,0,0,0,0,0,0,0,0,0,0
0,0,0,0,0,31,49,68,67,67,63,48,15,0,0,0,0,0,0,0,0,0,0,0,0,0,0,0
0,0,0,0,0,21,62,70,72,59,56,45,21,1,0,0,0,0,0,0,0,0,0,0,0,0,0,0
0,0,0,0,0,31,51,71,68,74,62,43,11,0,0,0,0,0,0,0,0,0,0,0,0,0,0,0
0,0,0,0,0,17,60,57,68,78,66,43,13,2,0,0,0,0,0,0,0,0,0,0,0,0,0,0
0,0,0,0,0,24,74,66,83,64,56,34,10,0,0,0,0,0,0,0,0,0,0,0,0,0,0,0
0,0,0,0,0,30,60,71,69,70,63,38,10,0,0,0,0,0,0,0,0,0,0,0,0,0,0,0
0,0,0,0,0,19,56,70,55,61,79,42,17,0,0,0,0,0,0,0,0,0,0,0,0,0,0,0
0,0,0,0,0,26,55,61,67,74,74,41,11,0,0,0,0,0,0,0,0,0,0,0,0,0,0,0
0,0,0,0,0,31,64,69,57,66,60,47,16,0,0,0,0,0,0,0,0,0,0,0,0,0,0,0
0,0,0,0,0,28,70,78,58,57,64,39,16,1,0,0,0,0,0,0,0,0,0,0,0,0,0,0
0,0,0,0,0,30,66,63,65,72,62,33,19,0,0,0,0,0,0,0,0,0,0,0,0,0,0,0
0,0,0,0,0,28,53,68,68,63,63,55,10,0,0,0,0,0,0,0,0,0,0,0,0,0,0,0
0,0,0,0,0,31,57,69,76,56,66,46,9,0,0,0,0,0,0,0,0,0,0,0,0,0,0,0
0,0,0,0,0,20,55,62,63,71,76,42,14,0,0,0,0,0,0,0,0,0,0,0,0,0,0,0
0,0,0,0,0,33,52,58,64,69,75,39,14,0,0,0,0,0,0,0,0,0,0,0,0,0,0,0
0,0,0,0,0,29,54,70,55,68,67,50,13,0,0,0,0,0,0,0,0,0,0,0,0,0,0,0
0,0,0,0,0,30,47,78,72,64,60,42,14,1,0,0,0,0,0,0,0,0,0,0,0,0,0,0
0,0,0,0,0,19,56,64,74,66,74,40,13,0,0,0,0,0,0,0,0,0,0,0,0,0,0,0
0,0,0,0,0,29,59,62,84,73,50,43,11,1,0,0,0,0,0,0,0,0,0,0,0,0,0,0
0,0,0,0,0,31,43,67,64,68,75,41,13,1,0,0,0,0,0,0,0,0,0,0,0,0,0,0
0,0,0,0,0,27,63,68,70,53,71,46,10,0,0,0,0,0,0,0,0,0,0,0,0,0,0,0
0,0,0,0,0,26,56,78,57,73,57,43,17,1,0,0,0,0,0,0,0,0,0,0,0,0,0,0
0,0,0,0,0,25,49,82,68,70,70,33,12,0,0,0,0,0,0,0,0,0,0,0,0,0,0,0
0,0,0,0,0,31,52,64,70,70,73,40,11,0,0,0,0,0,0,0,0,0,0,0,0,0,0,0
0,0,0,0,0,27,54,60,54,66,80,48,14,1,0,0,0,0,0,0,0,0,0,0,0,0,0,0
0,0,0,0,0,28,43,88,70,64,75,33,12,0,0,0,0,0,0,0,0,0,0,0,0,0,0,0
0,0,0,0,0,30,49,65,68,74,56,52,11,0,0,0,0,0,0,0,0,0,0,0,0,0,0,0
0,0,0,0,0,22,47,76,69,58,78,43,12,0,0,0,0,0,0,0,0,0,0,0,0,0,0,0
0,0,0,0,0,22,49,54,61,91,67,48,12,0,0,0,0,0,0,0,0,0,0,0,0,0,0,0
0,0,0,0,0,28,58,61,56,76,61,48,15,1,0,0,0,0,0,0,0,0,0,0,0,0,0,0
0,0,0,0,0,20,63,63,72,70,73,29,14,1,0,0,0,0,0,0,0,0,0,0,0,0,0,0
0,0,0,0,0,38,55,70,64,66,69,36,11,0,0,0,0,0,0,0,0,0,0,0,0,0,0,0
0,0,0,0,0,32,61,74,55,77,60,37,11,2,0,0,0,0,0,0,0,0,0,0,0,0,0,0
0,0,0,0,0,26,54,55,79,67,67,43,15,2,0,0,0,0,0,0,0,0,0,0,0,0,0,0
0,0,0,0,0,28,57,62,68,56,77,51,9,0,0,0,0,0,0,0,0,0,0,0,0,0,0,0
0,0,0,0,0,28,70,60,63,60,64,48,18,1,0,0,0,0,0,0,0,0,0,0,0,0,0,0
0,0,0,0,0,21,66,71,64,73,61,44,11,0,0,0,0,0,0,0,0,0,0,0,0,0,0,0
0,0,0,0,0,15,51,70,61,72,60,51,18,1,0,0,0,0,0,0,0,0,0,0,0,0,0,0
0,0,0,0,0,27,55,54,71,76,51,53,16,0,0,0,0,0,0,0,0,0,0,0,0,0,0,0
0,0,0,0,0,36,63,73,54,58,72,55,3,0,0,0,0,0,0,0,0,0,0,0,0,0,0,0
0,0,0,0,0,32,54,66,64,57,77,38,22,0,0,0,0,0,0,0,0,0,0,0,0,0,0,0
0,0,0,0,0,28,61,70,66,85,56,38,7,0,0,0,0,0,0,0,0,0,0,0,0,0,0,0
0,0,0,0,0,20,58,60,58,71,81,44,13,2,0,0,0,0,0,0,0,0,0,0,0,0,0,0
0,0,0,0,0,28,44,67,69,59,71,48,16,2,0,0,0,0,0,0,0,0,0,0,0,0,0,0
0,0,0,0,0,27,60,66,80,69,54,50,10,0,0,0,0,0,0,0,0,0,0,0,0,0,0,0
0,0,0,0,0,19,54,70,62,68,68,46,14,1,0,0,0,0,0,0,0,0,0,0,0,0,0,0
0,0,0,0,0,29,62,78,55,66,56,51,10,0,0,0,0,0,0,0,0,0,0,0,0,0,0,0
0,0,0,0,0,21,68,63,67,60,64,41,21,2,0,0,0,0,0,0,0,0,0,0,0,0,0,0
0,0,0,0,0,27,59,74,64,57,77,41,9,1,0,0,0,0,0,0,0,0,0,0,0,0,0,0
0,0,0,0,0,28,54,68,71,73,55,51,8,0,0,0,0,0,0,0,0,0,0,0,0,0,0,0
0,0,0,0,0,21,59,64,71,51,73,46,20,0,0,0,0,0,0,0,0,0,0,0,0,0,0,0
0,0,0,0,0,22,54,77,70,65,59,48,10,0,0,0,0,0,0,0,0,0,0,0,0,0,0,0
0,0,0,0,0,28,56,71,62,66,76,41,12,0,0,0,0,0,0,0,0,0,0,0,0,0,0,0
0,0,0,0,0,23,60,68,71,64,61,50,10,1,0,0,0,0,0,0,0,0,0,0,0,0,0,0
0,0,0,0,0,25,50,75,59,73,65,49,11,1,0,0,0,0,0,0,0,0,0,0,0,0,0,0
0,0,0,0,0,23,71,70,79,71,59,33,7,0,0,0,0,0,0,0,0,0,0,0,0,0,0,0
0,0,0,0,0,25,64,52,80,76,60,43,8,0,0,0,0,0,0,0,0,0,0,0,0,0,0,0
0,0,0,0,0,27,53,77,75,61,70,31,15,0,0,0,0,0,0,0,0,0,0,0,0,0,0,0
0,0,0,0,0,18,65,65,76,64,59,46,11,1,0,0,0,0,0,0,0,0,0,0,0,0,0,0
0,0,0,0,0,24,63,51,64,65,73,49,13,2,0,0,0,0,0,0,0,0,0,0,0,0,0,0
0,0,0,0,0,33,45,69,72,69,65,39,13,1,0,0,0,0,0,0,0,0,0,0,0,0,0,0
0,0,0,0,0,29,60,64,50,87,66,39,12,3,0,0,0,0,0,0,0,0,0,0,0,0,0,0
0,0,0,0,0,15,53,67,77,79,55,49,10,2,0,0,0,0,0,0,0,0,0,0,0,0,0,0
0,0,0,0,0,30,56,57,67,64,73,45,17,0,0,0,0,0,0,0,0,0,0,0,0,0,0,0
0,0,0,0,0,21,54,65,74,70,77,40,7,0,0,0,0,0,0,0,0,0,0,0,0,0,0,0
0,0,0,0,0,30,49,45,65,73,72,58,10,1,0,0,0,0,0,0,0,0,0,0,0,0,0,0
0,0,0,0,0,23,66,54,64,73,57,54,12,2,0,0,0,0,0,0,0,0,0,0,0,0,0,0
0,0,0,0,0,36,53,55,59,78,66,42,16,1,0,0,0,0,0,0,0,0,0,0,0,0,0,0
0,0,0,0,0,19,62,64,61,62,77,48,13,0,0,0,0,0,0,0,0,0,0,0,0,0,0,0
0,0,0,0,0,31,65,64,64,67,64,51,5,0,0,0,0,0,0,0,0,0,0,0,0,0,0,0
0,0,0,0,0,28,63,68,65,58,71,43,12,2,0,0,0,0,0,0,0,0,0,0,0,0,0,0
0,0,0,0,0,18,55,65,70,71,67,37,17,3,0,0,0,0,0,0,0,0,0,0,0,0,0,0
0,0,0,0,0,23,59,53,66,60,72,48,16,5,0,0,0,0,0,0,0,0,0,0,0,0,0,0
0,0,0,0,0,26,58,56,70,68,65,50,11,0,0,0,0,0,0,0,0,0,0,0,0,0,0,0
0,0,0,0,0,25,71,71,45,69,68,45,10,1,0,0,0,0,0,0,0,0,0,0,0,0,0,0
0,0,0,0,0,35,40,60,65,63,72,46,21,2,0,0,0,0,0,0,0,0,0,0,0,0,0,0
0,0,0,0,0,26,50,55,59,76,71,52,14,0,0,0,0,0,0,0,0,0,0,0,0,0,0,0
0,0,0,0,0,24,59,77,66,65,69,44,7,0,0,0,0,0,0,0,0,0,0,0,0,0,0,0
0,0,0,0,0,23,60,60,66,74,62,48,13,0,0,0,0,0,0,0,0,0,0,0,0,0,0,0
0,0,0,0,0,32,62,64,68,52,66,43,17,1,0,0,0,0,0,0,0,0,0,0,0,0,0,0
0,0,0,0,0,30,38,79,79,65,61,41,17,0,0,0,0,0,0,0,0,0,0,0,0,0,0,0
0,0,0,0,0,20,55,73,83,53,52,53,19,0,0,0,0,0,0,0,0,0,0,0,0,0,0,0
0,0,0,0,0,24,65,63,62,63,72,44,14,2,0,0,0,0,0,0,0,0,0,0,0,0,0,0
0,0,0,0,0,30,38,62,72,73,72,43,14,0,0,0,0,0,0,0,0,0,0,0,0,0,0,0
0,0,0,0,0,31,45,48,68,74,74,39,22,0,0,0,0,0,0,0,0,0,0,0,0,0,0,0
0,0,0,0,0,28,63,89,64,61,54,47,5,1,0,0,0,0,0,0,0,0,0,0,0,0,0,0
0,0,0,0,0,34,65,72,53,63,67,41,13,1,0,0,0,0,0,0,0,0,0,0,0,0,0,0
0,0,0,0,0,26,53,75,66,67,68,28,21,0,0,0,0,0,0,0,0,0,0,0,0,0,0,0
0,0,0,0,0,21,59,46,74,63,68,57,18,0,0,0,0,0,0,0,0,0,0,0,0,0,0,0
0,0,0,0,0,29,51,69,85,56,68,42,10,1,0,0,0,0,0,0,0,0,0,0,0,0,0,0
0,0,0,0,0,29,53,60,63,76,63,45,13,0,0,0,0,0,0,0,0,0,0,0,0,0,0,0
0,0,0,0,0,31,47,68,62,75,69,52,7,0,0,0,0,0,0,0,0,0,0,0,0,0,0,0
0,0,0,0,0,27,51,57,75,63,61,49,19,0,0,0,0,0,0,0,0,0,0,0,0,0,0,0
0,0,0,0,0,22,62,65,70,53,64,54,12,2,0,0,0,0,0,0,0,0,0,0,0,0,0,0
0,0,0,0,0,25,52,52,75,73,67,44,16,1,0,0,0,0,0,0,0,0,0,0,0,0,0,0
0,0,0,0,0,30,41,65,60,71,69,54,13,1,0,0,0,0,0,0,0,0,0,0,0,0,0,0
0,0,0,0,0,18,53,69,64,73,59,50,17,1,0,0,0,0,0,0,0,0,0,0,0,0,0,0
0,0,0,0,0,25,48,52,76,72,62,56,13,0,0,0,0,0,0,0,0,0,0,0,0,0,0,0
0,0,0,0,0,34,58,57,61,64,73,47,10,2,0,0,0,0,0,0,0,0,0,0,0,0,0,0
0,0,0,0,0,29,42,58,61,68,70,55,17,0,0,0,0,0,0,0,0,0,0,0,0,0,0,0
0,0,0,0,0,24,60,54,60,55,94,51,8,0,0,0,0,0,0,0,0,0,0,0,0,0,0,0
0,0,0,0,0,29,59,73,62,60,71,43,11,1,0,0,0,0,0,0,0,0,0,0,0,0,0,0
0,0,0,0,0,25,54,63,55,66,78,51,10,0,0,0,0,0,0,0,0,0,0,0,0,0,0,0
0,0,0,0,0,31,55,59,75,57,66,51,16,0,0,0,0,0,0,0,0,0,0,0,0,0,0,0
0,0,0,0,0,28,47,66,63,66,63,60,10,0,0,0,0,0,0,0,0,0,0,0,0,0,0,0
0,0,0,0,0,23,52,74,67,69,64,42,11,1,0,0,0,0,0,0,0,0,0,0,0,0,0,0
0,0,0,0,0,29,56,63,60,62,63,51,16,1,0,0,0,0,0,0,0,0,0,0,0,0,0,0
0,0,0,0,0,29,52,69,68,59,69,50,13,0,0,0,0,0,0,0,0,0,0,0,0,0,0,0
0,0,0,0,0,27,46,61,70,71,72,40,14,1,0,0,0,0,0,0,0,0,0,0,0,0,0,0
0,0,0,0,0,20,54,54,63,78,80,40,14,0,0,0,0,0,0,0,0,0,0,0,0,0,0,0
0,0,0,0,0,24,57,80,78,60,58,41,11,2,0,0,0,0,0,0,0,0,0,0,0,0,0,0
0,0,0,0,0,31,56,80,58,75,63,38,11,0,0,0,0,0,0,0,0,0,0,0,0,0,0,0
0,0,0,0,0,19,60,71,63,80,70,34,10,1,0,0,0,0,0,0,0,0,0,0,0,0,0,0
0,0,0,0,0,17,62,77,70,70,66,39,11,0,0,0,0,0,0,0,0,0,0,0,0,0,0,0
0,0,0,0,0,24,58,66,66,66,72,42,12,1,0,0,0,0,0,0,0,0,0,0,0,0,0,0
0,0,0,0,0,21,44,67,63,78,56,51,20,0,0,0,0,0,0,0,0,0,0,0,0,0,0,0
0,0,0,0,0,21,51,70,78,53,70,51,5,1,0,0,0,0,0,0,0,0,0,0,0,0,0,0
0,0,0,0,0,25,59,72,57,68,61,45,18,0,0,0,0,0,0,0,0,0,0,0,0,0,0,0
0,0,0,0,0,35,65,62,78,58,59,46,8,1,0,0,0,0,0,0,0,0,0,0,0,0,0,0
0,0,0,0,0,31,54,65,63,70,58,44,23,0,0,0,0,0,0,0,0,0,0,0,0,0,0,0
0,0,0,0,0,25,55,77,65,61,58,48,15,2,0,0,0,0,0,0,0,0,0,0,0,0,0,0
0,0,0,0,0,28,51,77,59,70,52,54,8,2,0,0,0,0,0,0,0,0,0,0,0,0,0,0
0,0,0,0,0,25,46,58,63,69,82,37,21,1,0,0,0,0,0,0,0,0,0,0,0,0,0,0
0,0,0,0,0,17,61,68,60,73,61,50,15,0,0,0,0,0,0,0,0,0,0,0,0,0,0,0
0,0,0,0,0,33,56,63,72,66,57,48,12,1,0,0,0,0,0,0,0,0,0,0,0,0,0,0
0,0,0,0,0,26,64,59,76,54,70,42,15,0,0,0,0,0,0,0,0,0,0,0,0,0,0,0
0,0,0,0,0,18,52,72,55,86,63,46,13,2,0,0,0,0,0,0,0,0,0,0,0,0,0,0
0,0,0,0,0,31,55,63,74,58,68,49,11,0,0,0,0,0,0,0,0,0,0,0,0,0,0,0
0,0,0,0,0,33,61,58,62,75,59,47,14,1,0,0,0,0,0,0,0,0,0,0,0,0,0,0
0,0,0,0,0,38,50,64,75,67,54,45,15,0,0,0,0,0,0,0,0,0,0,0,0,0,0,0
0,0,0,0,0,22,54,62,61,70,74,48,12,1,0,0,0,0,0,0,0,0,0,0,0,0,0,0
0,0,0,0,0,29,58,59,60,55,70,57,16,1,0,0,0,0,0,0,0,0,0,0,0,0,0,0
0,0,0,0,0,23,53,73,60,68,68,41,20,1,0,0,0,0,0,0,0,0,0,0,0,0,0,0
0,0,0,0,0,27,53,66,70,64,83,37,9,0,0,0,0,0,0,0,0,0,0,0,0,0,0,0
0,0,0,0,0,32,40,62,67,66,66,55,16,0,0,0,0,0,0,0,0,0,0,0,0,0,0,0
0,0,0,0,0,28,60,67,77,50,66,55,8,1,0,0,0,0,0,0,0,0,0,0,0,0,0,0
0,0,0,0,0,29,51,63,67,59,69,48,15,1,0,0,0,0,0,0,0,0,0,0,0,0,0,0
0,0,0,0,0,21,58,60,69,69,56,60,14,0,0,0,0,0,0,0,0,0,0,0,0,0,0,0
0,0,0,0,0,29,58,57,65,85,50,41,19,1,0,0,0,0,0,0,0,0,0,0,0,0,0,0
0,0,0,0,0,31,52,69,66,70,81,30,12,0,0,0,0,0,0,0,0,0,0,0,0,0,0,0
0,0,0,0,0,20,55,63,70,64,72,44,17,1,0,0,0,0,0,0,0,0,0,0,0,0,0,0
0,0,0,0,0,18,68,67,72,74,50,45,16,0,0,0,0,0,0,0,0,0,0,0,0,0,0,0
0,0,0,0,0,15,49,76,71,68,66,54,8,0,0,0,0,0,0,0,0,0,0,0,0,0,0,0
0,0,0,0,0,27,39,60,64,76,67,51,12,2,0,0,0,0,0,0,0,0,0,0,0,0,0,0
0,0,0,0,0,28,54,63,65,64,77,42,11,0,0,0,0,0,0,0,0,0,0,0,0,0,0,0
0,0,0,0,0,46,55,58,67,62,65,47,9,1,0,0,0,0,0,0,0,0,0,0,0,0,0,0
0,0,0,0,0,33,61,60,63,68,67,43,9,1,0,0,0,0,0,0,0,0,0,0,0,0,0,0
0,0,0,0,0,25,46,68,67,53,76,44,23,1,0,0,0,0,0,0,0,0,0,0,0,0,0,0
0,0,0,0,0,31,50,73,58,63,65,51,11,0,0,0,0,0,0,0,0,0,0,0,0,0,0,0
0,0,0,0,0,17,51,63,64,81,69,50,7,2,0,0,0,0,0,0,0,0,0,0,0,0,0,0
0,0,0,0,0,22,55,56,74,62,73,48,13,0,0,0,0,0,0,0,0,0,0,0,0,0,0,0
0,0,0,0,0,26,56,68,72,68,59,42,19,0,0,0,0,0,0,0,0,0,0,0,0,0,0,0
0,0,0,0,0,21,61,72,73,72,60,39,10,0,0,0,0,0,0,0,0,0,0,0,0,0,0,0
0,0,0,0,0,32,61,75,65,56,66,44,13,0,0,0,0,0,0,0,0,0,0,0,0,0,0,0
0,0,0,0,0,25,52,56,62,68,62,56,17,1,0,0,0,0,0,0,0,0,0,0,0,0,0,0
0,0,0,0,0,35,49,67,60,74,68,46,9,1,0,0,0,0,0,0,0,0,0,0,0,0,0,0
0,0,0,0,0,27,57,71,69,61,65,41,16,1,0,0,0,0,0,0,0,0,0,0,0,0,0,0
0,0,0,0,0,27,52,75,60,61,70,49,11,0,0,0,0,0,0,0,0,0,0,0,0,0,0,0
0,0,0,0,0,29,52,61,70,73,71,37,16,0,0,0,0,0,0,0,0,0,0,0,0,0,0,0
0,0,0,0,0,24,56,57,67,56,71,56,15,1,0,0,0,0,0,0,0,0,0,0,0,0,0,0
0,0,0,0,0,25,75,71,61,61,67,43,5,0,0,0,0,0,0,0,0,0,0,0,0,0,0,0
0,0,0,0,0,32,66,49,67,74,55,47,12,4,0,0,0,0,0,0,0,0,0,0,0,0,0,0
0,0,0,0,0,19,48,70,66,69,67,49,17,0,0,0,0,0,0,0,0,0,0,0,0,0,0,0
0,0,0,0,0,21,46,69,54,82,64,48,18,1,0,0,0,0,0,0,0,0,0,0,0,0,0,0
0,0,0,0,0,30,69,65,70,56,70,35,16,0,0,0,0,0,0,0,0,0,0,0,0,0,0,0
0,0,0,0,0,22,55,56,70,69,77,46,10,1,0,0,0,0,0,0,0,0,0,0,0,0,0,0
0,0,0,0,0,27,59,71,56,71,70,39,14,0,0,0,0,0,0,0,0,0,0,0,0,0,0,0
0,0,0,0,0,22,61,58,67,66,67,49,12,1,0,0,0,0,0,0,0,0,0,0,0,0,0,0
0,0,0,0,0,30,51,45,63,71,61,57,16,4,0,0,0,0,0,0,0,0,0,0,0,0,0,0
0,0,0,0,0,36,47,62,76,66,72,42,8,1,0,0,0,0,0,0,0,0,0,0,0,0,0,0
0,0,0,0,0,27,34,60,78,70,68,55,12,0,0,0,0,0,0,0,0,0,0,0,0,0,0,0
0,0,0,0,0,29,61,64,67,71,62,45,10,2,0,0,0,0,0,0,0,0,0,0,0,0,0,0
0,0,0,0,0,29,51,57,74,71,58,46,16,2,0,0,0,0,0,0,0,0,0,0,0,0,0,0
0,0,0,0,0,22,57,72,64,71,62,45,15,0,0,0,0,0,0,0,0,0,0,0,0,0,0,0
0,0,0,0,0,30,52,65,66,65,59,53,19,0,0,0,0,0,0,0,0,0,0,0,0,0,0,0
0,0,0,0,0,27,70,67,65,59,58,55,10,0,0,0,0,0,0,0,0,0,0,0,0,0,0,0
0,0,0,0,0,27,51,55,68,79,65,44,15,1,0,0,0,0,0,0,0,0,0,0,0,0,0,0
0,0,0,0,0,20,66,70,67,71,63,42,7,0,0,0,0,0,0,0,0,0,0,0,0,0,0,0
0,0,0,0,0,26,60,50,55,70,76,48,22,0,0,0,0,0,0,0,0,0,0,0,0,0,0,0
0,0,0,0,0,29,66,53,68,76,73,42,3,0,0,0,0,0,0,0,0,0,0,0,0,0,0,0
0,0,0,0,0,28,68,63,64,55,69,49,10,0,0,0,0,0,0,0,0,0,0,0,0,0,0,0
0,0,0,0,0,25,51,69,68,69,69,43,11,0,0,0,0,0,0,0,0,0,0,0,0,0,0,0
0,0,0,0,0,19,70,85,68,55,61,38,12,0,0,0,0,0,0,0,0,0,0,0,0,0,0,0
0,0,0,0,0,30,56,66,65,67,64,45,13,0,0,0,0,0,0,0,0,0,0,0,0,0,0,0
0,0,0,0,0,29,57,72,67,59,65,42,16,0,0,0,0,0,0,0,0,0,0,0,0,0,0,0
0,0,0,0,0,31,53,73,59,72,55,53,16,0,0,0,0,0,0,0,0,0,0,0,0,0,0,0
0,0,0,0,0,32,45,60,66,73,71,40,14,0,0,0,0,0,0,0,0,0,0,0,0,0,0,0
0,0,0,0,0,35,52,52,64,80,66,43,13,1,0,0,0,0,0,0,0,0,0,0,0,0,0,0
0,0,0,0,0,28,51,67,72,58,68,51,12,1,0,0,0,0,0,0,0,0,0,0,0,0,0,0
0,0,0,0,0,27,58,66,67,65,60,46,20,1,0,0,0,0,0,0,0,0,0,0,0,0,0,0
0,0,0,0,0,29,48,70,62,65,68,46,14,1,0,0,0,0,0,0,0,0,0,0,0,0,0,0
0,0,0,0,0,33,41,55,70,70,77,38,17,2,0,0,0,0,0,0,0,0,0,0,0,0,0,0
0,0,0,0,0,30,63,55,68,69,62,45,12,0,0,0,0,0,0,0,0,0,0,0,0,0,0,0
0,0,0,0,0,30,51,64,67,65,73,40,16,0,0,0,0,0,0,0,0,0,0,0,0,0,0,0
0,0,0,0,0,29,74,59,73,52,53,59,11,0,0,0,0,0,0,0,0,0,0,0,0,0,0,0
0,0,0,0,0,20,58,67,68,74,64,47,10,0,0,0,0,0,0,0,0,0,0,0,0,0,0,0
0,0,0,0,0,25,55,57,60,70,66,49,18,2,0,0,0,0,0,0,0,0,0,0,0,0,0,0
0,0,0,0,0,24,52,64,79,61,71,47,9,0,0,0,0,0,0,0,0,0,0,0,0,0,0,0
0,0,0,0,0,24,60,68,76,68,62,37,13,0,0,0,0,0,0,0,0,0,0,0,0,0,0,0
0,0,0,0,0,24,58,66,73,54,74,50,9,0,0,0,0,0,0,0,0,0,0,0,0,0,0,0
0,0,0,0,0,19,61,57,62,60,81,57,7,0,0,0,0,0,0,0,0,0,0,0,0,0,0,0
0,0,0,0,0,28,61,74,64,62,63,43,13,1,0,0,0,0,0,0,0,0,0,0,0,0,0,0
0,0,0,0,0,26,55,78,56,53,75,43,21,0,0,0,0,0,0,0,0,0,0,0,0,0,0,0
0,0,0,0,0,15,60,63,60,59,68,59,18,1,0,0,0,0,0,0,0,0,0,0,0,0,0,0
0,0,0,0,0,18,58,64,61,70,73,38,20,1,0,0,0,0,0,0,0,0,0,0,0,0,0,0
0,0,0,0,0,36,60,57,70,61,69,46,10,1,0,0,0,0,0,0,0,0,0,0,0,0,0,0
0,0,0,0,0,26,49,62,64,57,79,57,10,1,0,0,0,0,0,0,0,0,0,0,0,0,0,0
0,0,0,0,0,37,47,74,75,67,64,43,5,1,0,0,0,0,0,0,0,0,0,0,0,0,0,0
0,0,0,0,0,25,41,75,61,76,69,51,8,0,0,0,0,0,0,0,0,0,0,0,0,0,0,0
0,0,0,0,0,25,56,69,60,76,75,37,9,0,0,0,0,0,0,0,0,0,0,0,0,0,0,0
0,0,0,0,0,27,56,67,76,56,69,47,13,0,0,0,0,0,0,0,0,0,0,0,0,0,0,0
0,0,0,0,0,21,45,64,69,80,63,45,10,4,0,0,0,0,0,0,0,0,0,0,0,0,0,0
0,0,0,0,0,31,57,62,70,61,69,52,6,0,0,0,0,0,0,0,0,0,0,0,0,0,0,0
0,0,0,0,0,23,66,66,69,63,52,51,17,0,0,0,0,0,0,0,0,0,0,0,0,0,0,0
0,0,0,0,0,30,66,58,69,52,72,46,13,1,0,0,0,0,0,0,0,0,0,0,0,0,0,0
0,0,0,0,0,28,58,62,65,71,66,43,13,3,0,0,0,0,0,0,0,0,0,0,0,0,0,0
0,0,0,0,0,21,62,60,70,52,78,42,16,2,0,0,0,0,0,0,0,0,0,0,0,0,0,0
0,0,0,0,0,28,56,63,66,73,67,43,15,0,0,0,0,0,0,0,0,0,0,0,0,0,0,0
0,0,0,0,0,23,62,61,72,59,66,49,14,0,0,0,0,0,0,0,0,0,0,0,0,0,0,0
0,0,0,0,0,30,47,63,74,65,64,58,8,0,0,0,0,0,0,0,0,0,0,0,0,0,0,0
0,0,0,0,0,25,57,63,70,69,69,48,5,0,0,0,0,0,0,0,0,0,0,0,0,0,0,0
0,0,0,0,0,23,53,72,60,69,74,41,12,0,0,0,0,0,0,0,0,0,0,0,0,0,0,0
0,0,0,0,0,26,53,63,67,77,57,43,21,1,0,0,0,0,0,0,0,0,0,0,0,0,0,0
0,0,0,0,0,20,53,53,69,75,64,46,19,1,0,0,0,0,0,0,0,0,0,0,0,0,0,0
0,0,0,0,0,29,51,65,64,88,53,45,12,0,0,0,0,0,0,0,0,0,0,0,0,0,0,0
0,0,0,0,0,26,66,74,64,52,62,47,14,1,0,0,0,0,0,0,0,0,0,0,0,0,0,0
0,0,0,0,0,26,68,65,62,79,67,31,10,0,0,0,0,0,0,0,0,0,0,0,0,0,0,0
0,0,0,0,0,24,58,64,72,66,68,43,11,0,0,0,0,0,0,0,0,0,0,0,0,0,0,0
0,0,0,0,0,22,55,54,71,74,65,55,11,0,0,0,0,0,0,0,0,0,0,0,0,0,0,0
0,0,0,0,0,30,62,71,60,67,61,47,5,0,0,0,0,0,0,0,0,0,0,0,0,0,0,0
0,0,0,0,0,27,51,71,71,67,70,39,13,0,0,0,0,0,0,0,0,0,0,0,0,0,0,0
0,0,0,0,0,27,78,57,53,64,72,43,13,1,0,0,0,0,0,0,0,0,0,0,0,0,0,0
0,0,0,0,0,28,53,67,74,77,61,36,11,1,0,0,0,0,0,0,0,0,0,0,0,0,0,0
0,0,0,0,0,26,67,76,66,65,61,50,6,0,0,0,0,0,0,0,0,0,0,0,0,0,0,0
0,0,0,0,0,24,46,57,80,69,68,44,12,2,0,0,0,0,0,0,0,0,0,0,0,0,0,0
0,0,0,0,0,21,64,67,74,67,67,41,10,0,0,0,0,0,0,0,0,0,0,0,0,0,0,0
0,0,0,0,0,20,52,67,71,74,62,45,12,1,0,0,0,0,0,0,0,0,0,0,0,0,0,0
0,0,0,0,0,25,50,59,75,87,63,38,13,0,0,0,0,0,0,0,0,0,0,0,0,0,0,0
0,0,0,0,0,28,36,68,78,64,68,48,12,2,0,0,0,0,0,0,0,0,0,0,0,0,0,0
0,0,0,0,0,26,54,59,54,77,59,53,17,0,0,0,0,0,0,0,0,0,0,0,0,0,0,0
0,0,0,0,0,19,52,61,82,67,74,42,12,1,0,0,0,0,0,0,0,0,0,0,0,0,0,0
0,0,0,0,0,25,50,50,72,69,68,53,15,0,0,0,0,0,0,0,0,0,0,0,0,0,0,0
0,0,0,0,0,21,66,61,74,68,63,37,15,0,0,0,0,0,0,0,0,0,0,0,0,0,0,0
0,0,0,0,0,24,52,67,78,51,78,41,13,1,0,0,0,0,0,0,0,0,0,0,0,0,0,0
0,0,0,0,0,31,45,71,70,73,59,49,8,0,0,0,0,0,0,0,0,0,0,0,0,0,0,0
0,0,0,0,0,25,55,50,67,67,72,47,16,1,0,0,0,0,0,0,0,0,0,0,0,0,0,0
0,0,0,0,0,23,52,59,71,52,68,52,23,1,0,0,0,0,0,0,0,0,0,0,0,0,0,0
0,0,0,0,0,28,63,64,68,68,75,35,11,1,0,0,0,0,0,0,0,0,0,0,0,0,0,0
0,0,0,0,0,30,49,73,65,75,60,40,14,2,0,0,0,0,0,0,0,0,0,0,0,0,0,0
0,0,0,0,0,29,61,72,71,68,67,30,13,2,0,0,0,0,0,0,0,0,0,0,0,0,0,0
0,0,0,0,0,29,63,57,54,72,74,44,12,1,0,0,0,0,0,0,0,0,0,0,0,0,0,0
0,0,0,0,0,24,56,51,75,66,69,49,14,0,0,0,0,0,0,0,0,0,0,0,0,0,0,0
0,0,0,0,0,23,57,70,69,50,64,57,14,2,0,0,0,0,0,0,0,0,0,0,0,0,0,0
0,0,0,0,0,16,61,71,73,56,57,58,11,0,0,0,0,0,0,0,0,0,0,0,0,0,0,0
0,0,0,0,0,20,58,59,63,81,58,49,16,0,0,0,0,0,0,0,0,0,0,0,0,0,0,0
0,0,0,0,0,27,59,51,71,64,65,49,14,0,0,0,0,0,0,0,0,0,0,0,0,0,0,0
0,0,0,0,0,22,54,58,75,70,51,55,20,0,0,0,0,0,0,0,0,0,0,0,0,0,0,0
0,0,0,0,0,34,50,57,58,74,72,43,18,0,0,0,0,0,0,0,0,0,0,0,0,0,0,0
0,0,0,0,0,27,65,62,61,57,61,47,23,0,0,0,0,0,0,0,0,0,0,0,0,0,0,0
0,0,0,0,0,27,50,57,73,68,68,48,13,1,0,0,0,0,0,0,0,0,0,0,0,0,0,0
0,0,0,0,0,24,57,77,54,65,69,44,13,0,0,0,0,0,0,0,0,0,0,0,0,0,0,0
0,0,0,0,0,21,50,65,63,64,77,43,19,0,0,0,0,0,0,0,0,0,0,0,0,0,0,0
0,0,0,0,0,26,57,55,62,59,66,60,16,1,0,0,0,0,0,0,0,0,0,0,0,0,0,0
0,0,0,0,0,19,59,74,64,51,73,51,16,0,0,0,0,0,0,0,0,0,0,0,0,0,0,0
0,0,0,0,0,32,70,68,68,53,71,40,9,1,0,0,0,0,0,0,0,0,0,0,0,0,0,0
0,0,0,0,0,22,40,69,65,66,63,62,14,1,0,0,0,0,0,0,0,0,0,0,0,0,0,0
0,0,0,0,0,19,66,79,69,60,60,43,13,0,0,0,0,0,0,0,0,0,0,0,0,0,0,0
0,0,0,0,0,31,65,62,64,65,56,46,15,1,0,0,0,0,0,0,0,0,0,0,0,0,0,0
0,0,0,0,0,26,55,59,73,78,63,48,6,1,0,0,0,0,0,0,0,0,0,0,0,0,0,0
0,0,0,0,0,21,49,59,66,62,72,57,15,0,0,0,0,0,0,0,0,0,0,0,0,0,0,0
0,0,0,0,0,25,65,62,60,64,68,49,10,0,0,0,0,0,0,0,0,0,0,0,0,0,0,0
0,0,0,0,0,30,70,69,59,59,66,43,10,0,0,0,0,0,0,0,0,0,0,0,0,0,0,0
0,0,0,0,0,30,65,64,55,72,57,54,11,2,0,0,0,0,0,0,0,0,0,0,0,0,0,0
0,0,0,0,0,34,47,64,61,67,76,43,14,0,0,0,0,0,0,0,0,0,0,0,0,0,0,0
0,0,0,0,0,21,55,51,63,78,71,51,12,0,0,0,0,0,0,0,0,0,0,0,0,0,0,0
0,0,0,0,0,14,64,84,70,71,60,28,15,0,0,0,0,0,0,0,0,0,0,0,0,0,0,0
0,0,0,0,0,34,57,57,63,71,63,50,12,1,0,0,0,0,0,0,0,0,0,0,0,0,0,0
0,0,0,0,0,31,65,65,69,64,79,33,7,1,0,0,0,0,0,0,0,0,0,0,0,0,0,0
0,0,0,0,0,34,50,58,58,88,61,41,15,0,0,0,0,0,0,0,0,0,0,0,0,0,0,0
0,0,0,0,0,32,71,54,53,66,76,47,11,1,0,0,0,0,0,0,0,0,0,0,0,0,0,0
0,0,0,0,0,26,55,68,64,63,73,52,6,0,0,0,0,0,0,0,0,0,0,0,0,0,0,0
0,0,0,0,0,28,52,66,70,65,69,44,13,1,0,0,0,0,0,0,0,0,0,0,0,0,0,0
0,0,0,0,0,29,57,62,80,71,67,26,17,2,0,0,0,0,0,0,0,0,0,0,0,0,0,0
0,0,0,0,0,23,53,69,59,82,66,44,10,0,0,0,0,0,0,0,0,0,0,0,0,0,0,0
0,0,0,0,0,33,58,56,65,60,66,59,13,0,0,0,0,0,0,0,0,0,0,0,0,0,0,0
0,0,0,0,0,32,61,50,63,58,86,47,10,1,0,0,0,0,0,0,0,0,0,0,0,0,0,0
0,0,0,0,0,33,43,63,69,69,69,44,14,0,0,0,0,0,0,0,0,0,0,0,0,0,0,0
0,0,0,0,0,33,63,62,67,71,60,43,11,1,0,0,0,0,0,0,0,0,0,0,0,0,0,0
0,0,0,0,0,33,73,59,67,60,61,41,18,1,0,0,0,0,0,0,0,0,0,0,0,0,0,0
0,0,0,0,0,25,53,66,71,66,59,51,15,0,0,0,0,0,0,0,0,0,0,0,0,0,0,0
0,0,0,0,0,32,63,66,71,61,61,48,8,2,0,0,0,0,0,0,0,0,0,0,0,0,0,0
0,0,0,0,0,17,76,65,78,58,63,36,15,1,0,0,0,0,0,0,0,0,0,0,0,0,0,0
0,0,0,0,0,40,52,64,71,79,59,33,9,1,0,0,0,0,0,0,0,0,0,0,0,0,0,0
0,0,0,0,0,38,38,56,63,76,66,45,19,0,0,0,0,0,0,0,0,0,0,0,0,0,0,0
0,0,0,0,0,26,44,71,63,74,62,53,12,0,0,0,0,0,0,0,0,0,0,0,0,0,0,0
0,0,0,0,0,15,66,63,84,64,62,44,12,1,0,0,0,0,0,0,0,0,0,0,0,0,0,0
0,0,0,0,0,16,45,61,68,82,62,53,16,0,0,0,0,0,0,0,0,0,0,0,0,0,0,0
0,0,0,0,0,23,53,76,66,82,55,38,13,2,0,0,0,0,0,0,0,0,0,0,0,0,0,0
0,0,0,0,0,29,60,57,69,60,74,44,14,1,0,0,0,0,0,0,0,0,0,0,0,0,0,0
0,0,0,0,0,29,58,69,71,70,61,35,14,0,0,0,0,0,0,0,0,0,0,0,0,0,0,0
0,0,0,0,0,26,57,58,62,68,67,42,26,1,0,0,0,0,0,0,0,0,0,0,0,0,0,0
0,0,0,0,0,23,74,65,65,64,62,46,10,1,0,0,0,0,0,0,0,0,0,0,0,0,0,0
0,0,0,0,0,26,55,70,63,77,62,37,14,0,0,0,0,0,0,0,0,0,0,0,0,0,0,0
0,0,0,0,0,31,45,61,70,64,62,48,20,2,0,0,0,0,0,0,0,0,0,0,0,0,0,0
0,0,0,0,0,24,60,76,66,59,72,41,12,2,0,0,0,0,0,0,0,0,0,0,0,0,0,0
0,0,0,0,0,26,54,62,71,65,53,52,16,3,0,0,0,0,0,0,0,0,0,0,0,0,0,0
0,0,0,0,0,26,61,84,72,53,51,44,14,2,0,0,0,0,0,0,0,0,0,0,0,0,0,0
0,0,0,0,0,28,54,67,64,75,62,41,12,2,0,0,0,0,0,0,0,0,0,0,0,0,0,0
0,0,0,0,0,26,55,75,66,66,65,46,9,0,0,0,0,0,0,0,0,0,0,0,0,0,0,0
0,0,0,0,0,27,64,64,74,58,62,46,13,1,0,0,0,0,0,0,0,0,0,0,0,0,0,0
0,0,0,0,0,18,53,72,54,81,68,47,6,2,0,0,0,0,0,0,0,0,0,0,0,0,0,0
0,0,0,0,0,19,54,70,60,70,77,39,14,0,0,0,0,0,0,0,0,0,0,0,0,0,0,0
0,0,0,0,0,34,58,74,61,66,53,44,14,0,0,0,0,0,0,0,0,0,0,0,0,0,0,0
0,0,0,0,0,30,72,65,50,60,72,50,10,0,0,0,0,0,0,0,0,0,0,0,0,0,0,0
0,0,0,0,0,22,53,79,68,60,63,52,9,0,0,0,0,0,0,0,0,0,0,0,0,0,0,0
0,0,0,0,0,29,50,75,69,63,62,45,13,1,0,0,0,0,0,0,0,0,0,0,0,0,0,0
0,0,0,0,0,20,51,79,74,69,63,34,15,3,0,0,0,0,0,0,0,0,0,0,0,0,0,0
0,0,0,0,0,24,65,53,73,61,71,47,13,0,0,0,0,0,0,0,0,0,0,0,0,0,0,0
0,0,0,0,0,18,60,66,66,60,70,50,14,0,0,0,0,0,0,0,0,0,0,0,0,0,0,0
0,0,0,0,0,22,57,68,66,86,67,31,9,0,0,0,0,0,0,0,0,0,0,0,0,0,0,0
0,0,0,0,0,32,53,64,77,63,61,43,13,1,0,0,0,0,0,0,0,0,0,0,0,0,0,0
0,0,0,0,0,26,53,68,60,68,64,53,10,3,0,0,0,0,0,0,0,0,0,0,0,0,0,0
0,0,0,0,0,18,66,62,53,72,67,54,11,2,0,0,0,0,0,0,0,0,0,0,0,0,0,0
0,0,0,0,0,25,49,65,71,87,59,44,10,0,0,0,0,0,0,0,0,0,0,0,0,0,0,0
0,0,0,0,0,39,56,53,65,75,59,49,8,1,0,0,0,0,0,0,0,0,0,0,0,0,0,0
0,0,0,0,0,21,57,68,58,77,61,52,12,1,0,0,0,0,0,0,0,0,0,0,0,0,0,0
0,0,0,0,0,26,60,64,65,69,58,55,10,1,0,0,0,0,0,0,0,0,0,0,0,0,0,0
0,0,0,0,0,21,78,48,65,62,72,48,9,3,0,0,0,0,0,0,0,0,0,0,0,0,0,0
0,0,0,0,0,30,72,65,68,59,64,42,11,0,0,0,0,0,0,0,0,0,0,0,0,0,0,0
0,0,0,0,0,31,52,79,60,66,62,45,13,1,0,0,0,0,0,0,0,0,0,0,0,0,0,0
0,0,0,0,0,25,45,72,72,69,69,45,10,0,0,0,0,0,0,0,0,0,0,0,0,0,0,0
0,0,0,0,0,36,49,55,72,70,61,42,20,1,0,0,0,0,0,0,0,0,0,0,0,0,0,0
0,0,0,0,0,28,67,65,70,70,63,37,12,0,0,0,0,0,0,0,0,0,0,0,0,0,0,0
0,0,0,0,0,23,54,54,75,68,65,43,19,2,0,0,0,0,0,0,0,0,0,0,0,0,0,0
0,0,0,0,0,33,46,64,67,51,70,51,21,0,0,0,0,0,0,0,0,0,0,0,0,0,0,0
0,0,0,0,0,29,65,68,71,68,58,40,12,0,0,0,0,0,0,0,0,0,0,0,0,0,0,0
0,0,0,0,0,18,59,61,58,64,71,61,10,1,0,0,0,0,0,0,0,0,0,0,0,0,0,0
0,0,0,0,0,28,55,47,63,69,72,56,12,1,0,0,0,0,0,0,0,0,0,0,0,0,0,0
0,0,0,0,0,29,60,64,62,72,67,39,13,3,0,0,0,0,0,0,0,0,0,0,0,0,0,0
0,0,0,0,0,18,57,61,72,64,52,59,16,0,0,0,0,0,0,0,0,0,0,0,0,0,0,0
0,0,0,0,0,31,48,61,64,73,60,50,14,2,0,0,0,0,0,0,0,0,0,0,0,0,0,0
0,0,0,0,0,21,72,63,65,67,52,53,11,1,0,0,0,0,0,0,0,0,0,0,0,0,0,0
0,0,0,0,0,34,67,67,60,70,60,37,14,1,0,0,0,0,0,0,0,0,0,0,0,0,0,0
0,0,0,0,0,27,58,64,72,66,69,36,12,0,0,0,0,0,0,0,0,0,0,0,0,0,0,0
0,0,0,0,0,27,49,71,72,69,70,37,14,0,0,0,0,0,0,0,0,0,0,0,0,0,0,0
0,0,0,0,0,27,57,60,67,62,65,51,14,1,0,0,0,0,0,0,0,0,0,0,0,0,0,0
0,0,0,0,0,27,64,60,77,61,62,46,9,1,0,0,0,0,0,0,0,0,0,0,0,0,0,0
0,0,0,0,0,21,56,63,67,64,70,43,16,1,0,0,0,0,0,0,0,0,0,0,0,0,0,0
0,0,0,0,0,20,62,79,66,59,66,45,9,2,0,0,0,0,0,0,0,0,0,0,0,0,0,0
0,0,0,0,0,38,44,63,52,81,68,43,16,0,0,0,0,0,0,0,0,0,0,0,0,0,0,0
0,0,0,0,0,26,60,61,64,85,67,41,10,0,0,0,0,0,0,0,0,0,0,0,0,0,0,0
0,0,0,0,0,18,76,48,62,73,74,36,15,2,0,0,0,0,0,0,0,0,0,0,0,0,0,0
0,0,0,0,0,29,48,78,61,60,69,51,8,1,0,0,0,0,0,0,0,0,0,0,0,0,0,0
0,0,0,0,0,21,54,63,68,66,69,40,23,0,0,0,0,0,0,0,0,0,0,0,0,0,0,0
0,0,0,0,0,31,55,61,68,62,59,54,15,1,0,0,0,0,0,0,0,0,0,0,0,0,0,0
0,0,0,0,0,33,58,75,69,57,74,39,9,0,0,0,0,0,0,0,0,0,0,0,0,0,0,0
0,0,0,0,0,23,57,69,69,53,73,49,12,0,0,0,0,0,0,0,0,0,0,0,0,0,0,0
0,0,0,0,0,24,68,57,52,72,71,47,11,0,0,0,0,0,0,0,0,0,0,0,0,0,0,0
0,0,0,0,0,31,54,62,74,62,67,40,17,1,0,0,0,0,0,0,0,0,0,0,0,0,0,0
0,0,0,0,0,18,64,62,75,65,64,46,13,0,0,0,0,0,0,0,0,0,0,0,0,0,0,0
0,0,0,0,0,24,53,69,55,67,68,55,9,0,0,0,0,0,0,0,0,0,0,0,0,0,0,0
0,0,0,0,0,21,48,74,76,56,73,42,17,1,0,0,0,0,0,0,0,0,0,0,0,0,0,0
0,0,0,0,0,31,60,61,61,69,66,47,15,0,0,0,0,0,0,0,0,0,0,0,0,0,0,0
0,0,0,0,0,20,49,76,83,56,68,43,12,0,0,0,0,0,0,0,0,0,0,0,0,0,0,0
0,0,0,0,0,31,53,49,64,71,73,49,12,1,0,0,0,0,0,0,0,0,0,0,0,0,0,0
0,0,0,0,0,29,55,62,71,68,60,54,10,0,0,0,0,0,0,0,0,0,0,0,0,0,0,0
0,0,0,0,0,21,54,76,62,72,72,42,9,0,0,0,0,0,0,0,0,0,0,0,0,0,0,0
0,0,0,0,0,32,38,66,60,72,62,54,19,0,0,0,0,0,0,0,0,0,0,0,0,0,0,0
0,0,0,0,0,35,50,76,63,56,70,47,14,0,0,0,0,0,0,0,0,0,0,0,0,0,0,0
0,0,0,0,0,21,54,71,74,59,61,54,11,3,0,0,0,0,0,0,0,0,0,0,0,0,0,0
0,0,0,0,0,25,47,63,54,73,70,56,16,0,0,0,0,0,0,0,0,0,0,0,0,0,0,0
0,0,0,0,0,22,74,78,58,70,68,35,5,1,0,0,0,0,0,0,0,0,0,0,0,0,0,0
0,0,0,0,0,29,62,57,56,73,65,49,13,0,0,0,0,0,0,0,0,0,0,0,0,0,0,0
0,0,0,0,0,39,65,66,77,57,63,36,10,0,0,0,0,0,0,0,0,0,0,0,0,0,0,0
0,0,0,0,0,21,60,71,75,44,70,43,15,2,0,0,0,0,0,0,0,0,0,0,0,0,0,0
0,0,0,0,0,24,71,55,67,78,69,35,9,0,0,0,0,0,0,0,0,0,0,0,0,0,0,0
0,0,0,0,0,23,52,67,65,74,75,39,13,0,0,0,0,0,0,0,0,0,0,0,0,0,0,0
0,0,0,0,0,31,46,61,70,67,66,50,13,0,0,0,0,0,0,0,0,0,0,0,0,0,0,0
0,0,0,0,0,25,46,54,68,79,63,46,19,0,0,0,0,0,0,0,0,0,0,0,0,0,0,0
0,0,0,0,0,23,42,70,69,74,64,47,15,0,0,0,0,0,0,0,0,0,0,0,0,0,0,0
0,0,0,0,0,23,66,75,69,54,78,40,8,0,0,0,0,0,0,0,0,0,0,0,0,0,0,0
0,0,0,0,0,17,55,75,62,65,61,49,19,0,0,0,0,0,0,0,0,0,0,0,0,0,0,0
0,0,0,0,0,28,59,57,66,67,69,49,12,0,0,0,0,0,0,0,0,0,0,0,0,0,0,0
0,0,0,0,0,22,48,72,68,63,69,46,17,0,0,0,0,0,0,0,0,0,0,0,0,0,0,0
0,0,0,0,0,27,54,60,79,65,66,43,14,1,0,0,0,0,0,0,0,0,0,0,0,0,0,0
0,0,0,0,0,34,50,61,68,74,63,42,12,0,0,0,0,0,0,0,0,0,0,0,0,0,0,0
0,0,0,0,0,25,66,61,73,58,60,55,12,1,0,0,0,0,0,0,0,0,0,0,0,0,0,0
0,0,0,0,0,21,62,53,69,74,75,36,16,1,0,0,0,0,0,0,0,0,0,0,0,0,0,0
0,0,0,0,0,30,54,59,86,59,57,53,14,0,0,0,0,0,0,0,0,0,0,0,0,0,0,0
0,0,0,0,0,23,49,70,68,65,77,38,14,3,0,0,0,0,0,0,0,0,0,0,0,0,0,0
0,0,0,0,0,20,51,83,53,67,75,38,16,0,0,0,0,0,0,0,0,0,0,0,0,0,0,0
0,0,0,0,0,25,54,73,58,73,60,46,17,0,0,0,0,0,0,0,0,0,0,0,0,0,0,0
0,0,0,0,0,20,51,72,69,83,64,28,17,1,0,0,0,0,0,0,0,0,0,0,0,0,0,0
0,0,0,0,0,22,50,61,68,63,57,65,13,2,0,0,0,0,0,0,0,0,0,0,0,0,0,0
0,0,0,0,0,23,52,76,66,75,63,34,17,1,0,0,0,0,0,0,0,0,0,0,0,0,0,0
0,0,0,0,0,29,64,65,66,63,57,47,15,0,0,0,0,0,0,0,0,0,0,0,0,0,0,0
0,0,0,0,0,27,55,54,64,75,72,42,15,0,0,0,0,0,0,0,0,0,0,0,0,0,0,0
0,0,0,0,0,22,64,67,69,70,57,46,10,1,0,0,0,0,0,0,0,0,0,0,0,0,0,0
0,0,0,0,0,31,59,62,69,66,69,44,8,0,0,0,0,0,0,0,0,0,0,0,0,0,0,0
0,0,0,0,0,31,45,54,72,71,70,50,8,2,0,0,0,0,0,0,0,0,0,0,0,0,0,0
0,0,0,0,0,27,63,70,74,64,65,43,6,1,0,0,0,0,0,0,0,0,0,0,0,0,0,0
0,0,0,0,0,28,51,63,69,65,62,50,12,0,0,0,0,0,0,0,0,0,0,0,0,0,0,0
0,0,0,0,0,30,60,53,67,62,71,53,11,1,0,0,0,0,0,0,0,0,0,0,0,0,0,0
0,0,0,0,0,31,54,64,66,78,70,35,11,1,0,0,0,0,0,0,0,0,0,0,0,0,0,0
0,0,0,0,0,36,65,60,66,65,77,37,6,0,0,0,0,0,0,0,0,0,0,0,0,0,0,0
0,0,0,0,0,28,65,76,60,63,60,43,13,0,0,0,0,0,0,0,0,0,0,0,0,0,0,0
0,0,0,0,0,23,58,64,76,71,60,39,17,1,0,0,0,0,0,0,0,0,0,0,0,0,0,0
0,0,0,0,0,21,53,56,68,62,69,50,20,4,0,0,0,0,0,0,0,0,0,0,0,0,0,0
0,0,0,0,0,30,53,63,60,74,62,49,12,1,0,0,0,0,0,0,0,0,0,0,0,0,0,0
0,0,0,0,0,25,55,73,63,74,60,40,14,2,0,0,0,0,0,0,0,0,0,0,0,0,0,0
0,0,0,0,0,19,45,59,63,76,73,53,15,0,0,0,0,0,0,0,0,0,0,0,0,0,0,0
0,0,0,0,0,29,58,65,66,61,75,41,12,0,0,0,0,0,0,0,0,0,0,0,0,0,0,0
0,0,0,0,0,23,54,65,69,55,85,46,9,0,0,0,0,0,0,0,0,0,0,0,0,0,0,0
0,0,0,0,0,24,52,51,66,79,66,51,16,0,0,0,0,0,0,0,0,0,0,0,0,0,0,0
0,0,0,0,0,20,45,84,69,59,71,47,13,1,0,0,0,0,0,0,0,0,0,0,0,0,0,0
0,0,0,0,0,22,61,67,56,71,62,52,13,0,0,0,0,0,0,0,0,0,0,0,0,0,0,0
0,0,0,0,0,20,53,72,86,51,66,39,16,1,0,0,0,0,0,0,0,0,0,0,0,0,0,0
0,0,0,0,0,27,51,67,58,68,77,41,16,1,0,0,0,0,0,0,0,0,0,0,0,0,0,0
0,0,0,0,0,26,60,66,61,69,78,40,10,0,0,0,0,0,0,0,0,0,0,0,0,0,0,0
0,0,0,0,0,25,46,69,59,70,82,40,12,0,0,0,0,0,0,0,0,0,0,0,0,0,0,0
0,0,0,0,0,26,57,70,64,65,56,50,16,1,0,0,0,0,0,0,0,0,0,0,0,0,0,0
0,0,0,0,0,29,53,61,77,50,78,42,13,1,0,0,0,0,0,0,0,0,0,0,0,0,0,0
0,0,0,0,0,37,49,59,71,74,67,41,11,0,0,0,0,0,0,0,0,0,0,0,0,0,0,0
0,0,0,0,0,24,65,46,64,75,62,57,13,0,0,0,0,0,0,0,0,0,0,0,0,0,0,0
0,0,0,0,0,27,60,65,62,76,76,35,8,0,0,0,0,0,0,0,0,0,0,0,0,0,0,0
0,0,0,0,0,26,53,81,58,48,71,54,15,0,0,0,0,0,0,0,0,0,0,0,0,0,0,0
0,0,0,0,0,21,67,68,64,57,55,60,15,0,0,0,0,0,0,0,0,0,0,0,0,0,0,0
0,0,0,0,0,26,57,67,63,66,62,54,10,1,0,0,0,0,0,0,0,0,0,0,0,0,0,0
0,0,0,0,0,17,48,77,66,73,73,38,11,0,0,0,0,0,0,0,0,0,0,0,0,0,0,0
0,0,0,0,0,27,60,63,64,73,64,44,11,1,0,0,0,0,0,0,0,0,0,0,0,0,0,0
0,0,0,0,0,25,53,55,75,74,57,50,13,0,0,0,0,0,0,0,0,0,0,0,0,0,0,0
0,0,0,0,0,27,55,72,67,70,55,49,9,2,0,0,0,0,0,0,0,0,0,0,0,0,0,0
0,0,0,0,0,22,52,61,69,74,66,43,16,1,0,0,0,0,0,0,0,0,0,0,0,0,0,0
0,0,0,0,0,33,44,61,63,58,67,55,19,2,0,0,0,0,0,0,0,0,0,0,0,0,0,0
0,0,0,0,0,26,51,63,61,81,71,46,10,0,0,0,0,0,0,0,0,0,0,0,0,0,0,0
0,0,0,0,0,32,53,56,77,71,68,34,14,0,0,0,0,0,0,0,0,0,0,0,0,0,0,0
0,0,0,0,0,22,55,58,63,85,71,40,14,0,0,0,0,0,0,0,0,0,0,0,0,0,0,0
0,0,0,0,0,28,50,76,61,59,65,47,19,0,0,0,0,0,0,0,0,0,0,0,0,0,0,0
0,0,0,0,0,37,46,65,74,65,78,40,9,0,0,0,0,0,0,0,0,0,0,0,0,0,0,0
0,0,0,0,0,28,50,77,60,62,67,48,15,1,0,0,0,0,0,0,0,0,0,0,0,0,0,0
0,0,0,0,0,27,60,57,76,71,64,49,5,0,0,0,0,0,0,0,0,0,0,0,0,0,0,0
0,0,0,0,0,16,51,63,75,65,61,55,17,0,0,0,0,0,0,0,0,0,0,0,0,0,0,0
0,0,0,0,0,25,64,61,70,61,59,51,11,4,0,0,0,0,0,0,0,0,0,0,0,0,0,0
0,0,0,0,0,28,45,70,74,68,57,53,10,0,0,0,0,0,0,0,0,0,0,0,0,0,0,0
0,0,0,0,0,36,61,53,50,67,76,47,14,0,0,0,0,0,0,0,0,0,0,0,0,0,0,0
0,0,0,0,0,24,51,62,68,70,64,45,18,0,0,0,0,0,0,0,0,0,0,0,0,0,0,0
0,0,0,0,0,28,50,66,60,54,75,59,13,0,0,0,0,0,0,0,0,0,0,0,0,0,0,0
0,0,0,0,0,30,64,81,77,50,58,38,14,1,0,0,0,0,0,0,0,0,0,0,0,0,0,0
0,0,0,0,0,28,54,60,66,58,70,43,22,2,0,0,0,0,0,0,0,0,0,0,0,0,0,0
0,0,0,0,0,29,53,78,68,56,65,39,16,2,0,0,0,0,0,0,0,0,0,0,0,0,0,0
0,0,0,0,0,29,63,64,49,86,58,44,17,0,0,0,0,0,0,0,0,0,0,0,0,0,0,0
0,0,0,0,0,23,46,64,59,73,71,51,17,1,0,0,0,0,0,0,0,0,0,0,0,0,0,0
0,0,0,0,0,27,44,57,70,70,72,53,12,1,0,0,0,0,0,0,0,0,0,0,0,0,0,0
0,0,0,0,0,34,62,52,72,67,58,52,13,0,0,0,0,0,0,0,0,0,0,0,0,0,0,0
0,0,0,0,0,30,58,72,66,66,54,46,15,2,0,0,0,0,0,0,0,0,0,0,0,0,0,0
0,0,0,0,0,38,61,59,64,62,65,45,14,0,0,0,0,0,0,0,0,0,0,0,0,0,0,0
0,0,0,0,0,20,56,67,66,65,62,56,12,0,0,0,0,0,0,0,0,0,0,0,0,0,0,0
0,0,0,0,0,26,51,70,89,69,56,38,12,0,0,0,0,0,0,0,0,0,0,0,0,0,0,0
0,0,0,0,0,41,49,68,64,51,76,48,11,0,0,0,0,0,0,0,0,0,0,0,0,0,0,0
0,0,0,0,0,24,68,61,57,49,89,48,9,1,0,0,0,0,0,0,0,0,0,0,0,0,0,0
0,0,0,0,0,19,69,82,63,63,64,47,6,0,0,0,0,0,0,0,0,0,0,0,0,0,0,0
0,0,0,0,0,31,68,59,69,62,62,52,10,0,0,0,0,0,0,0,0,0,0,0,0,0,0,0
0,0,0,0,0,19,55,74,58,80,66,40,11,0,0,0,0,0,0,0,0,0,0,0,0,0,0,0
0,0,0,0,0,34,50,62,70,67,66,45,13,0,0,0,0,0,0,0,0,0,0,0,0,0,0,0
0,0,0,0,0,21,39,79,56,77,68,49,13,2,0,0,0,0,0,0,0,0,0,0,0,0,0,0
0,0,0,0,0,29,53,63,68,70,59,53,13,0,0,0,0,0,0,0,0,0,0,0,0,0,0,0
0,0,0,0,0,22,46,76,65,64,55,55,15,2,0,0,0,0,0,0,0,0,0,0,0,0,0,0
0,0,0,0,0,23,52,65,74,58,72,48,9,0,0,0,0,0,0,0,0,0,0,0,0,0,0,0
0,0,0,0,0,21,65,67,62,60,64,46,19,0,0,0,0,0,0,0,0,0,0,0,0,0,0,0
0,0,0,0,0,26,63,69,64,53,74,44,15,0,0,0,0,0,0,0,0,0,0,0,0,0,0,0
0,0,0,0,0,24,50,70,69,61,66,47,18,1,0,0,0,0,0,0,0,0,0,0,0,0,0,0
0,0,0,0,0,25,59,57,62,70,67,52,15,1,0,0,0,0,0,0,0,0,0,0,0,0,0,0
0,0,0,0,0,23,56,66,69,58,73,46,14,0,0,0,0,0,0,0,0,0,0,0,0,0,0,0
0,0,0,0,0,33,57,61,65,71,61,52,10,0,0,0,0,0,0,0,0,0,0,0,0,0,0,0
0,0,0,0,0,13,57,67,58,73,66,48,20,0,0,0,0,0,0,0,0,0,0,0,0,0,0,0
0,0,0,0,0,30,49,44,78,77,72,43,12,0,0,0,0,0,0,0,0,0,0,0,0,0,0,0
0,0,0,0,0,25,79,58,73,60,64,46,9,0,0,0,0,0,0,0,0,0,0,0,0,0,0,0
0,0,0,0,0,25,53,69,65,60,80,43,10,1,0,0,0,0,0,0,0,0,0,0,0,0,0,0
0,0,0,0,0,34,51,67,70,64,72,41,8,1,0,0,0,0,0,0,0,0,0,0,0,0,0,0
0,0,0,0,0,20,51,65,73,64,71,51,14,0,0,0,0,0,0,0,0,0,0,0,0,0,0,0
0,0,0,0,0,31,50,58,78,58,68,47,11,1,0,0,0,0,0,0,0,0,0,0,0,0,0,0
0,0,0,0,0,30,49,65,81,64,56,44,13,3,0,0,0,0,0,0,0,0,0,0,0,0,0,0
0,0,0,0,0,28,45,72,74,58,64,46,14,3,0,0,0,0,0,0,0,0,0,0,0,0,0,0
0,0,0,0,0,19,56,78,56,66,64,47,13,1,0,0,0,0,0,0,0,0,0,0,0,0,0,0
0,0,0,0,0,22,51,60,64,79,69,45,13,0,0,0,0,0,0,0,0,0,0,0,0,0,0,0
0,0,0,0,0,26,69,51,55,82,63,44,17,0,0,0,0,0,0,0,0,0,0,0,0,0,0,0
0,0,0,0,0,24,53,91,54,62,64,42,18,0,0,0,0,0,0,0,0,0,0,0,0,0,0,0
0,0,0,0,0,32,49,72,73,62,54,49,14,0,0,0,0,0,0,0,0,0,0,0,0,0,0,0
0,0,0,0,0,23,55,54,82,61,66,49,15,0,0,0,0,0,0,0,0,0,0,0,0,0,0,0
0,0,0,0,0,28,52,57,69,68,68,50,11,0,0,0,0,0,0,0,0,0,0,0,0,0,0,0
0,0,0,0,0,26,49,68,63,63,67,58,12,0,0,0,0,0,0,0,0,0,0,0,0,0,0,0
0,0,0,0,0,23,62,63,55,71,71,47,14,0,0,0,0,0,0,0,0,0,0,0,0,0,0,0
0,0,0,0,0,28,47,66,77,73,64,39,9,0,0,0,0,0,0,0,0,0,0,0,0,0,0,0
0,0,0,0,0,33,64,57,55,79,67,38,14,1,0,0,0,0,0,0,0,0,0,0,0,0,0,0
0,0,0,0,0,24,47,76,67,66,72,43,10,1,0,0,0,0,0,0,0,0,0,0,0,0,0,0
0,0,0,0,0,13,48,65,66,69,75,41,22,1,0,0,0,0,0,0,0,0,0,0,0,0,0,0
0,0,0,0,0,26,62,56,63,66,61,51,17,0,0,0,0,0,0,0,0,0,0,0,0,0,0,0
0,0,0,0,0,23,40,73,68,56,77,54,7,0,0,0,0,0,0,0,0,0,0,0,0,0,0,0
0,0,0,0,0,23,58,73,58,64,69,53,10,0,0,0,0,0,0,0,0,0,0,0,0,0,0,0
0,0,0,0,0,26,64,69,62,51,68,47,22,0,0,0,0,0,0,0,0,0,0,0,0,0,0,0
0,0,0,0,0,28,80,61,65,66,49,49,13,2,0,0,0,0,0,0,0,0,0,0,0,0,0,0
0,0,0,0,0,19,49,64,71,68,63,50,15,2,0,0,0,0,0,0,0,0,0,0,0,0,0,0
0,0,0,0,0,27,57,59,59,55,68,53,22,1,0,0,0,0,0,0,0,0,0,0,0,0,0,0
0,0,0,0,0,28,62,69,78,57,60,40,13,2,0,0,0,0,0,0,0,0,0,0,0,0,0,0
0,0,0,0,0,23,60,69,66,80,54,41,11,0,0,0,0,0,0,0,0,0,0,0,0,0,0,0
0,0,0,0,0,29,50,59,63,72,71,48,9,1,0,0,0,0,0,0,0,0,0,0,0,0,0,0
0,0,0,0,0,24,59,62,65,65,72,41,18,0,0,0,0,0,0,0,0,0,0,0,0,0,0,0
0,0,0,0,0,29,55,79,57,74,58,39,19,0,0,0,0,0,0,0,0,0,0,0,0,0,0,0
0,0,0,0,0,24,47,62,69,73,68,53,11,0,0,0,0,0,0,0,0,0,0,0,0,0,0,0
0,0,0,0,0,23,54,81,69,62,69,37,14,0,0,0,0,0,0,0,0,0,0,0,0,0,0,0
0,0,0,0,0,29,68,65,61,68,66,50,5,0,0,0,0,0,0,0,0,0,0,0,0,0,0,0
0,0,0,0,0,33,52,65,70,67,58,52,9,0,0,0,0,0,0,0,0,0,0,0,0,0,0,0
0,0,0,0,0,24,52,63,78,80,63,36,11,0,0,0,0,0,0,0,0,0,0,0,0,0,0,0
0,0,0,0,0,27,63,64,76,79,62,25,14,1,0,0,0,0,0,0,0,0,0,0,0,0,0,0
0,0,0,0,0,23,53,74,59,59,74,54,10,0,0,0,0,0,0,0,0,0,0,0,0,0,0,0
0,0,0,0,0,28,56,75,56,59,70,47,12,3,0,0,0,0,0,0,0,0,0,0,0,0,0,0
0,0,0,0,0,20,55,53,77,67,61,52,13,2,0,0,0,0,0,0,0,0,0,0,0,0,0,0
0,0,0,0,0,23,64,58,51,65,81,41,18,0,0,0,0,0,0,0,0,0,0,0,0,0,0,0
0,0,0,0,0,21,61,69,69,71,59,41,12,1,0,0,0,0,0,0,0,0,0,0,0,0,0,0
0,0,0,0,0,30,59,65,76,68,70,37,8,1,0,0,0,0,0,0,0,0,0,0,0,0,0,0
0,0,0,0,0,27,48,69,74,75,62,41,15,0,0,0,0,0,0,0,0,0,0,0,0,0,0,0
0,0,0,0,0,28,59,60,61,61,72,56,12,1,0,0,0,0,0,0,0,0,0,0,0,0,0,0
0,0,0,0,0,27,65,64,83,69,47,50,6,0,0,0,0,0,0,0,0,0,0,0,0,0,0,0
0,0,0,0,0,24,40,69,69,63,71,52,12,2,0,0,0,0,0,0,0,0,0,0,0,0,0,0
0,0,0,0,0,33,62,49,65,63,61,55,13,1,0,0,0,0,0,0,0,0,0,0,0,0,0,0
0,0,0,0,0,26,57,61,82,52,67,42,18,2,0,0,0,0,0,0,0,0,0,0,0,0,0,0
0,0,0,0,0,27,57,59,57,82,58,47,18,1,0,0,0,0,0,0,0,0,0,0,0,0,0,0
0,0,0,0,0,35,49,80,76,61,59,33,16,2,0,0,0,0,0,0,0,0,0,0,0,0,0,0
0,0,0,0,0,25,62,74,72,59,60,43,11,3,0,0,0,0,0,0,0,0,0,0,0,0,0,0
0,0,0,0,0,22,50,64,86,65,64,49,10,0,0,0,0,0,0,0,0,0,0,0,0,0,0,0
0,0,0,0,0,24,55,65,61,58,82,48,13,1,0,0,0,0,0,0,0,0,0,0,0,0,0,0
0,0,0,0,0,32,46,52,77,71,69,43,12,1,0,0,0,0,0,0,0,0,0,0,0,0,0,0
0,0,0,0,0,24,66,67,64,64,70,35,19,1,0,0,0,0,0,0,0,0,0,0,0,0,0,0
0,0,0,0,0,26,66,55,75,69,60,43,18,0,0,0,0,0,0,0,0,0,0,0,0,0,0,0
0,0,0,0,0,25,55,54,75,58,69,58,16,0,0,0,0,0,0,0,0,0,0,0,0,0,0,0
0,0,0,0,0,36,51,63,55,70,77,44,12,1,0,0,0,0,0,0,0,0,0,0,0,0,0,0
0,0,0,0,0,32,57,63,60,69,63,45,17,1,0,0,0,0,0,0,0,0,0,0,0,0,0,0
0,0,0,0,0,33,39,61,68,65,74,48,13,1,0,0,0,0,0,0,0,0,0,0,0,0,0,0
0,0,0,0,0,27,53,59,76,52,66,54,12,1,0,0,0,0,0,0,0,0,0,0,0,0,0,0
0,0,0,0,0,25,59,73,77,58,61,45,11,0,0,0,0,0,0,0,0,0,0,0,0,0,0,0
0,0,0,0,0,23,63,69,71,64,62,43,8,1,0,0,0,0,0,0,0,0,0,0,0,0,0,0
0,0,0,0,0,23,59,58,66,70,67,56,11,2,0,0,0,0,0,0,0,0,0,0,0,0,0,0
0,0,0,0,0,30,53,65,64,67,62,50,15,1,0,0,0,0,0,0,0,0,0,0,0,0,0,0
0,0,0,0,0,23,65,61,72,76,60,44,11,0,0,0,0,0,0,0,0,0,0,0,0,0,0,0
0,0,0,0,0,27,59,75,53,72,72,38,12,0,0,0,0,0,0,0,0,0,0,0,0,0,0,0
0,0,0,0,0,25,56,60,74,75,56,47,13,0,0,0,0,0,0,0,0,0,0,0,0,0,0,0
0,0,0,0,0,29,38,58,70,69,74,47,17,0,0,0,0,0,0,0,0,0,0,0,0,0,0,0
0,0,0,0,0,19,59,60,72,68,57,46,19,3,0,0,0,0,0,0,0,0,0,0,0,0,0,0
0,0,0,0,0,21,46,61,72,67,76,47,11,1,0,0,0,0,0,0,0,0,0,0,0,0,0,0
0,0,0,0,0,22,46,59,60,73,79,54,6,1,0,0,0,0,0,0,0,0,0,0,0,0,0,0
0,0,0,0,0,25,70,75,61,58,63,48,10,1,0,0,0,0,0,0,0,0,0,0,0,0,0,0
0,0,0,0,0,24,55,64,66,75,71,40,11,2,0,0,0,0,0,0,0,0,0,0,0,0,0,0
0,0,0,0,0,26,70,65,54,76,65,47,9,0,0,0,0,0,0,0,0,0,0,0,0,0,0,0
0,0,0,0,0,33,53,65,66,66,66,49,10,0,0,0,0,0,0,0,0,0,0,0,0,0,0,0
0,0,0,0,0,24,55,69,61,59,75,59,6,0,0,0,0,0,0,0,0,0,0,0,0,0,0,0
0,0,0,0,0,15,53,73,53,87,68,41,12,2,0,0,0,0,0,0,0,0,0,0,0,0,0,0
0,0,0,0,0,25,64,75,52,68,61,49,14,0,0,0,0,0,0,0,0,0,0,0,0,0,0,0
0,0,0,0,0,29,58,63,50,62,82,49,12,0,0,0,0,0,0,0,0,0,0,0,0,0,0,0
0,0,0,0,0,28,48,57,69,78,65,45,12,0,0,0,0,0,0,0,0,0,0,0,0,0,0,0
0,0,0,0,0,27,55,61,60,57,70,56,20,0,0,0,0,0,0,0,0,0,0,0,0,0,0,0
0,0,0,0,0,19,65,53,62,71,64,46,22,0,0,0,0,0,0,0,0,0,0,0,0,0,0,0
0,0,0,0,0,26,55,56,74,64,68,39,20,1,0,0,0,0,0,0,0,0,0,0,0,0,0,0
0,0,0,0,0,24,67,51,71,74,56,47,19,0,0,0,0,0,0,0,0,0,0,0,0,0,0,0
0,0,0,0,0,24,55,58,76,61,68,44,19,1,0,0,0,0,0,0,0,0,0,0,0,0,0,0
0,0,0,0,0,27,63,66,62,63,56,46,18,2,0,0,0,0,0,0,0,0,0,0,0,0,0,0
0,0,0,0,0,25,54,63,77,64,52,54,15,1,0,0,0,0,0,0,0,0,0,0,0,0,0,0
0,0,0,0,0,25,47,62,64,80,54,63,11,0,0,0,0,0,0,0,0,0,0,0,0,0,0,0
0,0,0,0,0,23,61,61,73,64,67,46,13,2,0,0,0,0,0,0,0,0,0,0,0,0,0,0
0,0,0,0,0,22,59,57,55,71,84,45,12,1,0,0,0,0,0,0,0,0,0,0,0,0,0,0
0,0,0,0,0,24,66,57,67,67,69,50,6,1,0,0,0,0,0,0,0,0,0,0,0,0,0,0
0,0,0,0,0,34,48,78,78,67,58,41,6,0,0,0,0,0,0,0,0,0,0,0,0,0,0,0
0,0,0,0,0,32,51,49,67,65,80,45,12,4,0,0,0,0,0,0,0,0,0,0,0,0,0,0
0,0,0,0,0,34,53,61,58,75,66,48,10,0,0,0,0,0,0,0,0,0,0,0,0,0,0,0
0,0,0,0,0,24,54,61,68,69,72,45,13,0,0,0,0,0,0,0,0,0,0,0,0,0,0,0
0,0,0,0,0,29,52,71,63,55,75,38,18,1,0,0,0,0,0,0,0,0,0,0,0,0,0,0
0,0,0,0,0,34,55,48,58,79,66,47,17,1,0,0,0,0,0,0,0,0,0,0,0,0,0,0
0,0,0,0,0,26,45,44,69,62,85,51,18,0,0,0,0,0,0,0,0,0,0,0,0,0,0,0
0,0,0,0,0,32,48,73,65,70,65,47,12,0,0,0,0,0,0,0,0,0,0,0,0,0,0,0
0,0,0,0,0,30,47,66,66,62,69,50,14,0,0,0,0,0,0,0,0,0,0,0,0,0,0,0
0,0,0,0,0,27,57,70,69,59,67,47,9,1,0,0,0,0,0,0,0,0,0,0,0,0,0,0
0,0,0,0,0,31,55,54,75,59,59,56,14,0,0,0,0,0,0,0,0,0,0,0,0,0,0,0
0,0,0,0,0,17,51,78,70,66,76,33,12,1,0,0,0,0,0,0,0,0,0,0,0,0,0,0
0,0,0,0,0,27,58,55,69,71,60,40,24,1,0,0,0,0,0,0,0,0,0,0,0,0,0,0
0,0,0,0,0,30,60,71,54,80,56,46,14,0,0,0,0,0,0,0,0,0,0,0,0,0,0,0
0,0,0,0,0,33,58,75,57,58,66,46,16,0,0,0,0,0,0,0,0,0,0,0,0,0,0,0
0,0,0,0,0,35,50,66,70,63,55,50,16,0,0,0,0,0,0,0,0,0,0,0,0,0,0,0
0,0,0,0,0,23,59,65,66,72,59,42,17,1,0,0,0,0,0,0,0,0,0,0,0,0,0,0
0,0,0,0,0,30,69,60,65,73,62,40,14,0,0,0,0,0,0,0,0,0,0,0,0,0,0,0
0,0,0,0,0,32,58,60,58,74,71,43,12,0,0,0,0,0,0,0,0,0,0,0,0,0,0,0
0,0,0,0,0,29,67,60,69,65,59,44,12,1,0,0,0,0,0,0,0,0,0,0,0,0,0,0
0,0,0,0,0,25,60,65,65,76,58,42,15,0,0,0,0,0,0,0,0,0,0,0,0,0,0,0
0,0,0,0,0,25,53,69,67,53,73,46,18,0,0,0,0,0,0,0,0,0,0,0,0,0,0,0
0,0,0,0,0,21,58,55,56,79,62,53,17,1,0,0,0,0,0,0,0,0,0,0,0,0,0,0
0,0,0,0,0,19,70,71,64,65,69,44,9,0,0,0,0,0,0,0,0,0,0,0,0,0,0,0
0,0,0,0,0,20,69,69,62,72,67,43,6,2,0,0,0,0,0,0,0,0,0,0,0,0,0,0
0,0,0,0,0,40,46,59,56,56,74,53,17,1,0,0,0,0,0,0,0,0,0,0,0,0,0,0
0,0,0,0,0,28,60,63,63,64,73,43,13,0,0,0,0,0,0,0,0,0,0,0,0,0,0,0
0,0,0,0,0,22,73,57,60,58,69,59,12,0,0,0,0,0,0,0,0,0,0,0,0,0,0,0
0,0,0,0,0,31,53,64,66,62,52,59,15,2,0,0,0,0,0,0,0,0,0,0,0,0,0,0
0,0,0,0,0,30,52,65,58,62,91,33,12,0,0,0,0,0,0,0,0,0,0,0,0,0,0,0
0,0,0,0,0,29,60,68,57,79,66,39,11,0,0,0,0,0,0,0,0,0,0,0,0,0,0,0
0,0,0,0,0,29,69,52,62,61,86,38,10,1,0,0,0,0,0,0,0,0,0,0,0,0,0,0
0,0,0,0,0,24,60,70,70,51,60,49,18,0,0,0,0,0,0,0,0,0,0,0,0,0,0,0
0,0,0,0,0,23,61,63,66,52,65,57,15,1,0,0,0,0,0,0,0,0,0,0,0,0,0,0
0,0,0,0,0,26,45,76,51,65,71,48,16,1,0,0,0,0,0,0,0,0,0,0,0,0,0,0
0,0,0,0,0,30,77,49,67,65,65,44,12,2,0,0,0,0,0,0,0,0,0,0,0,0,0,0
0,0,0,0,0,24,75,54,61,67,59,54,17,0,0,0,0,0,0,0,0,0,0,0,0,0,0,0
0,0,0,0,0,27,62,65,76,59,61,49,10,0,0,0,0,0,0,0,0,0,0,0,0,0,0,0
0,0,0,0,0,27,61,68,61,78,66,34,11,0,0,0,0,0,0,0,0,0,0,0,0,0,0,0
0,0,0,0,0,23,71,51,58,72,63,51,12,1,0,0,0,0,0,0,0,0,0,0,0,0,0,0
0,0,0,0,0,24,50,75,51,70,77,48,11,0,0,0,0,0,0,0,0,0,0,0,0,0,0,0
0,0,0,0,0,24,57,64,82,67,67,43,9,0,0,0,0,0,0,0,0,0,0,0,0,0,0,0
0,0,0,0,0,24,51,66,74,77,61,38,14,1,0,0,0,0,0,0,0,0,0,0,0,0,0,0
0,0,0,0,0,22,68,54,64,51,65,53,24,1,0,0,0,0,0,0,0,0,0,0,0,0,0,0
0,0,0,0,0,26,57,69,61,59,84,36,15,0,0,0,0,0,0,0,0,0,0,0,0,0,0,0
0,0,0,0,0,27,49,66,60,78,65,46,17,0,0,0,0,0,0,0,0,0,0,0,0,0,0,0
0,0,0,0,0,25,53,67,76,66,72,36,14,0,0,0,0,0,0,0,0,0,0,0,0,0,0,0
0,0,0,0,0,38,54,73,63,58,75,43,10,0,0,0,0,0,0,0,0,0,0,0,0,0,0,0
0,0,0,0,0,21,55,58,87,64,59,49,15,0,0,0,0,0,0,0,0,0,0,0,0,0,0,0
0,0,0,0,0,36,53,66,66,56,64,46,18,2,0,0,0,0,0,0,0,0,0,0,0,0,0,0
0,0,0,0,0,22,63,80,65,64,62,41,11,1,0,0,0,0,0,0,0,0,0,0,0,0,0,0
0,0,0,0,0,28,53,74,63,68,61,42,15,0,0,0,0,0,0,0,0,0,0,0,0,0,0,0
0,0,0,0,0,21,46,79,75,58,65,44,12,1,0,0,0,0,0,0,0,0,0,0,0,0,0,0
0,0,0,0,0,25,58,59,58,60,75,52,13,0,0,0,0,0,0,0,0,0,0,0,0,0,0,0
0,0,0,0,0,29,56,76,89,53,63,34,7,1,0,0,0,0,0,0,0,0,0,0,0,0,0,0
0,0,0,0,0,25,51,63,78,61,63,49,13,1,0,0,0,0,0,0,0,0,0,0,0,0,0,0
0,0,0,0,0,22,54,62,70,69,66,47,13,2,0,0,0,0,0,0,0,0,0,0,0,0,0,0
0,0,0,0,0,33,66,61,83,69,61,33,9,0,0,0,0,0,0,0,0,0,0,0,0,0,0,0
0,0,0,0,0,21,54,69,52,74,69,50,13,0,0,0,0,0,0,0,0,0,0,0,0,0,0,0
0,0,0,0,0,26,58,62,72,67,66,49,8,0,0,0,0,0,0,0,0,0,0,0,0,0,0,0
0,0,0,0,0,27,49,66,70,64,77,42,12,0,0,0,0,0,0,0,0,0,0,0,0,0,0,0
0,0,0,0,0,37,64,56,71,58,71,43,11,1,0,0,0,0,0,0,0,0,0,0,0,0,0,0
0,0,0,0,0,23,60,67,67,61,60,54,10,1,0,0,0,0,0,0,0,0,0,0,0,0,0,0
0,0,0,0,0,33,52,66,48,64,78,53,13,0,0,0,0,0,0,0,0,0,0,0,0,0,0,0
0,0,0,0,0,23,44,77,62,67,61,56,7,3,0,0,0,0,0,0,0,0,0,0,0,0,0,0
0,0,0,0,0,28,53,62,56,73,79,50,9,0,0,0,0,0,0,0,0,0,0,0,0,0,0,0
0,0,0,0,0,29,53,65,71,70,59,47,15,0,0,0,0,0,0,0,0,0,0,0,0,0,0,0
0,0,0,0,0,26,50,68,73,59,72,50,7,0,0,0,0,0,0,0,0,0,0,0,0,0,0,0
0,0,0,0,0,19,51,72,67,54,72,52,15,0,0,0,0,0,0,0,0,0,0,0,0,0,0,0
0,0,0,0,0,21,52,58,68,70,67,54,17,0,0,0,0,0,0,0,0,0,0,0,0,0,0,0
0,0,0,0,0,33,42,68,72,76,66,41,8,2,0,0,0,0,0,0,0,0,0,0,0,0,0,0
0,0,0,0,0,25,64,63,50,72,81,41,10,1,0,0,0,0,0,0,0,0,0,0,0,0,0,0
0,0,0,0,0,25,43,58,65,77,63,60,11,0,0,0,0,0,0,0,0,0,0,0,0,0,0,0
0,0,0,0,0,24,65,67,77,61,60,46,9,0,0,0,0,0,0,0,0,0,0,0,0,0,0,0
0,0,0,0,0,19,42,70,69,60,78,52,12,0,0,0,0,0,0,0,0,0,0,0,0,0,0,0
0,0,0,0,0,26,46,76,63,65,59,53,13,2,0,0,0,0,0,0,0,0,0,0,0,0,0,0
0,0,0,0,0,30,45,64,71,46,82,52,11,2,0,0,0,0,0,0,0,0,0,0,0,0,0,0
0,0,0,0,0,23,66,65,70,59,68,49,9,1,0,0,0,0,0,0,0,0,0,0,0,0,0,0
0,0,0,0,0,22,54,59,65,70,83,44,7,0,0,0,0,0,0,0,0,0,0,0,0,0,0,0
0,0,0,0,0,32,48,63,65,77,66,44,11,0,0,0,0,0,0,0,0,0,0,0,0,0,0,0
0,0,0,0,0,30,54,51,75,59,81,41,15,0,0,0,0,0,0,0,0,0,0,0,0,0,0,0
0,0,0,0,0,26,47,63,65,61,70,50,16,1,0,0,0,0,0,0,0,0,0,0,0,0,0,0
0,0,0,0,0,32,58,61,72,70,61,42,17,0,0,0,0,0,0,0,0,0,0,0,0,0,0,0
0,0,0,0,0,29,48,65,57,71,70,50,15,1,0,0,0,0,0,0,0,0,0,0,0,0,0,0
0,0,0,0,0,26,54,71,76,61,47,52,23,0,0,0,0,0,0,0,0,0,0,0,0,0,0,0
0,0,0,0,0,29,69,61,87,44,50,47,19,0,0,0,0,0,0,0,0,0,0,0,0,0,0,0
0,0,0,0,0,41,53,51,70,67,77,44,9,0,0,0,0,0,0,0,0,0,0,0,0,0,0,0
0,0,0,0,0,30,66,60,79,67,65,30,15,0,0,0,0,0,0,0,0,0,0,0,0,0,0,0
0,0,0,0,0,25,46,58,84,70,69,45,7,0,0,0,0,0,0,0,0,0,0,0,0,0,0,0
0,0,0,0,0,28,71,59,59,62,70,50,8,0,0,0,0,0,0,0,0,0,0,0,0,0,0,0
0,0,0,0,0,31,47,67,55,65,75,46,17,0,0,0,0,0,0,0,0,0,0,0,0,0,0,0
0,0,0,0,0,27,63,69,54,78,66,36,14,1,0,0,0,0,0,0,0,0,0,0,0,0,0,0
0,0,0,0,0,22,60,61,79,71,53,56,8,0,0,0,0,0,0,0,0,0,0,0,0,0,0,0
0,0,0,0,0,27,71,66,65,58,71,38,13,0,0,0,0,0,0,0,0,0,0,0,0,0,0,0
0,0,0,0,0,17,58,65,65,64,84,42,14,2,0,0,0,0,0,0,0,0,0,0,0,0,0,0
0,0,0,0,0,25,65,62,77,53,65,51,9,0,0,0,0,0,0,0,0,0,0,0,0,0,0,0
0,0,0,0,0,24,42,70,75,63,67,39,18,0,0,0,0,0,0,0,0,0,0,0,0,0,0,0
0,0,0,0,0,24,47,81,65,74,63,43,8,0,0,0,0,0,0,0,0,0,0,0,0,0,0,0
0,0,0,0,0,32,58,80,63,57,58,48,12,0,0,0,0,0,0,0,0,0,0,0,0,0,0,0
0,0,0,0,0,21,44,55,68,75,73,51,15,1,0,0,0,0,0,0,0,0,0,0,0,0,0,0
0,0,0,0,0,34,58,57,67,73,59,45,15,1,0,0,0,0,0,0,0,0,0,0,0,0,0,0
0,0,0,0,0,28,55,52,65,58,77,53,15,0,0,0,0,0,0,0,0,0,0,0,0,0,0,0
0,0,0,0,0,28,53,62,58,67,62,59,13,0,0,0,0,0,0,0,0,0,0,0,0,0,0,0
0,0,0,0,0,25,56,64,66,60,81,46,7,0,0,0,0,0,0,0,0,0,0,0,0,0,0,0
0,0,0,0,0,31,75,57,53,79,63,39,13,0,0,0,0,0,0,0,0,0,0,0,0,0,0,0
0,0,0,0,0,32,46,63,56,77,72,50,10,0,0,0,0,0,0,0,0,0,0,0,0,0,0,0
0,0,0,0,0,23,60,62,72,77,66,43,8,0,0,0,0,0,0,0,0,0,0,0,0,0,0,0
0,0,0,0,0,28,54,73,63,73,67,41,9,0,0,0,0,0,0,0,0,0,0,0,0,0,0,0
0,0,0,0,0,38,51,59,71,74,58,47,11,0,0,0,0,0,0,0,0,0,0,0,0,0,0,0
0,0,0,0,0,31,58,68,57,64,70,49,10,0,0,0,0,0,0,0,0,0,0,0,0,0,0,0
0,0,0,0,0,29,53,74,73,81,56,34,11,1,0,0,0,0,0,0,0,0,0,0,0,0,0,0
0,0,0,0,0,17,60,74,67,65,67,51,10,0,0,0,0,0,0,0,0,0,0,0,0,0,0,0
0,0,0,0,0,21,54,57,80,71,59,43,15,2,0,0,0,0,0,0,0,0,0,0,0,0,0,0
0,0,0,0,0,20,42,78,58,73,70,52,10,0,0,0,0,0,0,0,0,0,0,0,0,0,0,0
0,0,0,0,0,31,47,54,70,64,71,47,17,1,0,0,0,0,0,0,0,0,0,0,0,0,0,0
0,0,0,0,0,24,47,75,72,51,75,45,15,2,0,0,0,0,0,0,0,0,0,0,0,0,0,0
0,0,0,0,0,23,66,79,56,58,70,43,13,0,0,0,0,0,0,0,0,0,0,0,0,0,0,0
0,0,0,0,0,22,56,62,68,68,65,41,15,3,0,0,0,0,0,0,0,0,0,0,0,0,0,0
0,0,0,0,0,18,53,77,65,69,62,46,13,2,0,0,0,0,0,0,0,0,0,0,0,0,0,0
0,0,0,0,0,25,43,68,51,72,79,44,19,0,0,0,0,0,0,0,0,0,0,0,0,0,0,0
0,0,0,0,0,31,54,67,67,65,64,41,15,3,0,0,0,0,0,0,0,0,0,0,0,0,0,0
0,0,0,0,0,20,69,68,50,77,60,51,9,2,0,0,0,0,0,0,0,0,0,0,0,0,0,0
0,0,0,0,0,30,60,71,65,54,59,48,17,2,0,0,0,0,0,0,0,0,0,0,0,0,0,0
0,0,0,0,0,30,55,75,66,59,65,41,16,0,0,0,0,0,0,0,0,0,0,0,0,0,0,0
0,0,0,0,0,33,65,55,63,68,63,50,9,0,0,0,0,0,0,0,0,0,0,0,0,0,0,0
0,0,0,0,0,36,52,65,76,61,58,51,11,0,0,0,0,0,0,0,0,0,0,0,0,0,0,0
0,0,0,0,0,16,48,63,71,75,63,53,13,0,0,0,0,0,0,0,0,0,0,0,0,0,0,0
0,0,0,0,0,18,57,69,55,66,87,39,12,0,0,0,0,0,0,0,0,0,0,0,0,0,0,0
0,0,0,0,0,32,46,80,72,54,66,43,12,0,0,0,0,0,0,0,0,0,0,0,0,0,0,0
0,0,0,0,0,29,52,75,75,66,49,49,15,0,0,0,0,0,0,0,0,0,0,0,0,0,0,0
0,0,0,0,0,24,43,65,60,79,67,49,16,2,0,0,0,0,0,0,0,0,0,0,0,0,0,0
0,0,0,0,0,26,58,64,72,58,78,39,14,1,0,0,0,0,0,0,0,0,0,0,0,0,0,0
0,0,0,0,0,33,59,71,64,55,50,58,13,1,0,0,0,0,0,0,0,0,0,0,0,0,0,0
0,0,0,0,0,34,54,66,62,61,65,49,10,1,0,0,0,0,0,0,0,0,0,0,0,0,0,0
0,0,0,0,0,25,55,80,57,64,76,36,13,1,0,0,0,0,0,0,0,0,0,0,0,0,0,0
0,0,0,0,0,16,53,73,55,70,65,52,20,0,0,0,0,0,0,0,0,0,0,0,0,0,0,0
0,0,0,0,0,28,59,60,46,69,80,51,11,0,0,0,0,0,0,0,0,0,0,0,0,0,0,0
0,0,0,0,0,32,55,69,64,76,53,40,13,3,0,0,0,0,0,0,0,0,0,0,0,0,0,0
0,0,0,0,0,13,53,52,80,71,77,42,14,0,0,0,0,0,0,0,0,0,0,0,0,0,0,0
0,0,0,0,0,20,68,63,63,71,61,42,18,0,0,0,0,0,0,0,0,0,0,0,0,0,0,0
0,0,0,0,0,23,56,64,71,58,71,46,13,3,0,0,0,0,0,0,0,0,0,0,0,0,0,0
0,0,0,0,0,22,47,76,58,65,68,51,15,1,0,0,0,0,0,0,0,0,0,0,0,0,0,0
0,0,0,0,0,28,51,65,64,68,63,50,15,0,0,0,0,0,0,0,0,0,0,0,0,0,0,0
0,0,0,0,0,27,49,59,71,70,63,47,17,0,0,0,0,0,0,0,0,0,0,0,0,0,0,0
0,0,0,0,0,24,56,70,67,69,61,46,15,0,0,0,0,0,0,0,0,0,0,0,0,0,0,0
0,0,0,0,0,27,63,60,54,72,65,47,16,0,0,0,0,0,0,0,0,0,0,0,0,0,0,0
0,0,0,0,0,33,64,67,60,66,61,43,13,0,0,0,0,0,0,0,0,0,0,0,0,0,0,0
0,0,0,0,0,32,57,62,60,70,67,44,13,2,0,0,0,0,0,0,0,0,0,0,0,0,0,0
0,0,0,0,0,32,60,50,64,79,67,48,11,1,0,0,0,0,0,0,0,0,0,0,0,0,0,0
0,0,0,0,0,24,61,71,79,66,50,46,11,0,0,0,0,0,0,0,0,0,0,0,0,0,0,0
0,0,0,0,0,31,55,50,70,65,60,54,17,2,0,0,0,0,0,0,0,0,0,0,0,0,0,0
0,0,0,0,0,26,40,75,56,66,71,54,12,1,0,0,0,0,0,0,0,0,0,0,0,0,0,0
0,0,0,0,0,30,68,71,68,70,46,46,13,2,0,0,0,0,0,0,0,0,0,0,0,0,0,0
0,0,0,0,0,25,55,44,77,75,63,54,12,1,0,0,0,0,0,0,0,0,0,0,0,0,0,0
0,0,0,0,0,33,59,59,58,63,72,45,17,2,0,0,0,0,0,0,0,0,0,0,0,0,0,0
0,0,0,0,0,19,43,60,73,63,69,52,20,0,0,0,0,0,0,0,0,0,0,0,0,0,0,0
0,0,0,0,0,28,58,57,69,71,59,43,18,1,0,0,0,0,0,0,0,0,0,0,0,0,0,0
0,0,0,0,0,29,62,68,60,63,72,38,12,1,0,0,0,0,0,0,0,0,0,0,0,0,0,0
0,0,0,0,0,23,69,81,63,67,50,46,13,1,0,0,0,0,0,0,0,0,0,0,0,0,0,0
0,0,0,0,0,24,46,81,63,65,61,51,17,0,0,0,0,0,0,0,0,0,0,0,0,0,0,0
0,0,0,0,0,19,62,67,66,66,70,40,13,1,0,0,0,0,0,0,0,0,0,0,0,0,0,0
0,0,0,0,0,26,52,57,73,67,72,48,11,1,0,0,0,0,0,0,0,0,0,0,0,0,0,0
0,0,0,0,0,27,49,65,63,60,64,54,18,2,0,0,0,0,0,0,0,0,0,0,0,0,0,0
0,0,0,0,0,28,52,56,70,68,72,50,8,2,0,0,0,0,0,0,0,0,0,0,0,0,0,0
0,0,0,0,0,36,60,55,51,77,69,47,13,0,0,0,0,0,0,0,0,0,0,0,0,0,0,0
0,0,0,0,0,37,55,59,59,56,70,54,17,0,0,0,0,0,0,0,0,0,0,0,0,0,0,0
0,0,0,0,0,23,60,74,59,67,63,53,8,0,0,0,0,0,0,0,0,0,0,0,0,0,0,0
0,0,0,0,0,25,50,62,72,68,78,39,15,0,0,0,0,0,0,0,0,0,0,0,0,0,0,0
0,0,0,0,0,25,53,64,62,62,70,43,21,0,0,0,0,0,0,0,0,0,0,0,0,0,0,0
0,0,0,0,0,29,54,66,59,74,61,55,12,0,0,0,0,0,0,0,0,0,0,0,0,0,0,0
0,0,0,0,0,26,46,83,78,57,59,47,9,0,0,0,0,0,0,0,0,0,0,0,0,0,0,0
0,0,0,0,0,28,50,75,72,52,64,54,13,2,0,0,0,0,0,0,0,0,0,0,0,0,0,0
