100,100,100,100,100,100,100,100,100,100,100,100,100,100,100,100,100,100,100,100,100,100,100,100,100,100,100,100
0,0,0,2,8,8,11,16,23,27,35,71,92,43,10,0,1,0,0,0,0,0,0,0,0,0,0,0
0,0,0,0,5,13,10,15,20,19,43,87,96,39,5,1,0,0,0,0,0,0,0,0,0,0,0,0
0,0,0,2,5,8,8,20,17,31,41,69,95,44,11,0,0,0,0,0,0,0,0,0,0,0,0,0
0,0,0,2,5,7,16,11,17,26,39,75,98,38,14,0,0,0,0,0,0,0,0,0,0,0,0,0
0,0,0,3,7,16,12,11,22,27,40,84,78,39,15,0,0,0,0,0,0,0,0,0,0,0,0,0
0,0,1,3,6,7,14,10,19,26,32,85,91,45,8,1,0,0,0,0,0,0,0,0,0,0,0,0
0,0,0,0,8,5,16,14,21,36,25,84,92,42,4,0,0,0,0,0,0,0,0,0,0,0,0,0
0,0,2,0,5,11,11,14,20,22,42,81,100,41,5,0,0,0,0,0,0,0,0,0,0,0,0,0
0,0,0,1,5,7,15,15,25,26,46,75,86,41,9,0,0,0,0,0,0,0,0,0,0,0,0,0
0,0,0,2,7,7,14,14,21,25,39,87,92,40,6,0,0,0,0,0,0,0,0,0,0,0,0,0
0,0,0,3,7,6,10,16,24,28,37,84,87,42,7,0,0,0,0,0,0,0,0,0,0,0,0,0
0,0,0,2,7,7,10,20,28,23,41,65,94,42,12,1,0,0,0,0,0,0,0,0,0,0,0,0
0,0,1,2,5,7,16,17,21,24,45,72,97,38,8,0,0,0,0,0,0,0,0,0,0,0,0,0
0,0,0,0,3,8,13,17,23,18,41,77,95,46,12,0,0,0,0,0,0,0,0,0,0,0,0,0
0,0,0,0,5,16,9,12,17,26,36,85,84,49,8,1,0,0,0,0,0,0,0,0,0,0,0,0
0,0,0,2,1,11,11,13,26,28,39,71,93,43,7,2,0,0,0,0,0,0,0,0,0,0,0,0
0,0,1,3,5,10,8,16,28,34,36,77,90,32,12,1,0,0,0,0,0,0,0,0,0,0,0,0
0,0,0,3,6,10,8,13,16,33,49,74,94,40,6,0,0,0,0,0,0,0,0,0,0,0,0,0
0,0,0,3,4,5,17,15,24,15,35,80,101,42,10,0,0,0,0,0,0,0,0,0,0,0,0,0
0,0,0,0,5,7,12,18,31,17,50,80,95,32,7,0,0,0,0,0,0,0,0,0,0,0,0,0
0,0,0,2,7,6,17,14,25,27,40,70,91,38,13,0,0,0,0,0,0,0,0,0,0,0,0,0
0,0,0,1,6,13,9,9,16,35,29,84,97,37,7,4,0,0,0,0,0,0,0,0,0,0,0,0
0,0,0,0,4,11,8,16,19,26,39,86,93,32,11,1,0,0,0,0,0,0,0,0,0,0,0,0
0,0,0,2,5,13,17,17,17,19,45,79,74,55,7,0,0,0,0,0,0,0,0,0,0,0,0,0
0,0,0,2,6,7,12,17,15,26,40,88,93,38,8,1,0,0,0,0,0,0,0,0,0,0,0,0
0,0,0,3,9,11,7,16,13,26,46,78,89,39,11,0,0,0,0,0,0,0,0,0,0,0,0,0
0,0,1,2,2,7,16,8,22,25,51,79,94,32,11,0,0,0,0,0,0,0,0,0,0,0,0,0
0,0,0,1,1,9,13,17,20,29,31,82,94,40,8,1,0,0,0,0,0,0,0,0,0,0,0,0
0,0,1,1,3,8,14,16,20,24,40,82,96,28,13,0,0,0,0,0,0,0,0,0,0,0,0,0
0,0,0,1,6,5,14,12,17,38,40,84,90,39,5,0,0,0,0,0,0,0,0,0,0,0,0,0
0,0,0,1,6,5,12,11,24,26,35,84,94,45,6,0,0,0,0,0,0,0,0,0,0,0,0,0
0,0,0,4,5,6,13,11,24,29,40,75,106,36,6,0,0,0,0,0,0,0,0,0,0,0,0,0
0,0,0,2,3,13,9,16,21,31,35,69,97,40,8,1,0,0,0,0,0,0,0,0,0,0,0,0
0,0,0,0,5,16,7,13,20,34,40,84,91,33,7,1,0,0,0,0,0,0,0,0,0,0,0,0
0,0,0,3,7,12,9,10,28,23,40,69,113,35,6,1,0,0,0,0,0,0,0,0,0,0,0,0
0,0,0,1,6,7,14,18,23,24,46,85,79,37,13,1,0,0,0,0,0,0,0,0,0,0,0,0
0,0,0,0,5,9,15,14,23,25,44,70,95,41,7,0,0,0,0,0,0,0,0,0,0,0,0,0
0,0,0,2,4,13,10,16,26,25,41,82,74,52,10,0,0,0,0,0,0,0,0,0,0,0,0,0
0,0,0,2,7,6,11,18,22,28,30,79,108,33,8,0,0,0,0,0,0,0,0,0,0,0,0,0
0,0,0,1,4,12,14,21,19,24,35,78,101,38,7,0,0,0,0,0,0,0,0,0,0,0,0,0
0,0,0,2,4,6,10,14,23,22,46,84,94,33,12,1,0,0,0,0,0,0,0,0,0,0,0,0
0,0,0,4,2,10,11,16,28,23,36,66,110,41,5,0,0,0,0,0,0,0,0,0,0,0,0,0
0,0,0,0,6,22,8,16,21,33,47,63,89,41,6,1,0,0,0,0,0,0,0,0,0,0,0,0
0,0,0,2,3,9,12,15,22,20,48,86,92,35,6,1,0,0,0,0,0,0,0,0,0,0,0,0
0,0,0,1,4,10,17,13,16,27,42,76,102,37,11,0,0,0,0,0,0,0,0,0,0,0,0,0
0,0,1,4,4,10,13,14,24,21,36,80,90,40,11,3,0,0,0,0,0,0,0,0,0,0,0,0
0,0,1,1,6,9,13,10,23,27,42,81,86,39,9,0,0,0,0,0,0,0,0,0,0,0,0,0
0,0,0,1,7,4,13,22,29,28,33,83,83,40,8,0,0,0,0,0,0,0,0,0,0,0,0,0
0,0,1,1,2,10,13,9,29,21,41,88,90,40,7,1,0,0,0,0,0,0,0,0,0,0,0,0
0,0,0,1,5,11,13,14,19,33,38,74,92,49,4,0,0,0,0,0,0,0,0,0,0,0,0,0
0,0,0,0,5,12,10,14,22,32,32,84,96,35,7,2,0,0,0,0,0,0,0,0,0,0,0,0
0,0,0,0,4,8,11,15,16,25,33,91,89,34,14,0,0,0,0,0,0,0,0,0,0,0,0,0
0,0,0,2,4,7,14,13,20,29,32,84,88,45,10,0,0,0,0,0,0,0,0,0,0,0,0,0
0,0,0,2,3,12,11,10,20,33,31,86,88,41,10,0,0,0,0,0,0,0,0,0,0,0,0,0
0,0,0,1,3,10,14,17,17,27,38,75,98,44,10,0,0,0,0,0,0,0,0,0,0,0,0,0
0,0,0,1,2,8,16,15,27,25,37,74,97,42,10,1,0,0,0,0,0,0,0,0,0,0,0,0
0,0,0,1,5,14,11,17,17,21,45,70,84,49,16,1,0,0,0,0,0,0,0,0,0,0,0,0
0,0,1,0,4,6,11,13,19,32,39,83,93,40,7,2,0,0,0,0,0,0,0,0,0,0,0,0
0,0,2,1,5,11,20,14,10,26,50,86,75,40,11,1,0,0,0,0,0,0,0,0,0,0,0,0
0,0,0,1,5,2,10,17,26,22,44,73,91,48,6,0,0,0,0,0,0,0,0,0,0,0,0,0
0,0,0,1,8,7,16,17,28,21,47,78,97,27,7,0,0,0,0,0,0,0,0,0,0,0,0,0
0,0,0,1,7,8,14,18,15,25,37,74,109,36,7,1,0,0,0,0,0,0,0,0,0,0,0,0
0,0,0,3,2,12,12,9,25,28,49,80,89,38,6,0,0,0,0,0,0,0,0,0,0,0,0,0
0,0,0,4,3,10,15,16,15,27,40,81,82,43,11,1,0,0,0,0,0,0,0,0,0,0,0,0
0,0,2,2,4,9,18,10,15,28,31,76,95,54,4,1,0,0,0,0,0,0,0,0,0,0,0,0
0,0,0,2,4,8,15,14,27,20,55,70,87,42,7,1,0,0,0,0,0,0,0,0,0,0,0,0
0,0,0,1,2,14,11,21,23,22,38,75,88,46,11,0,0,0,0,0,0,0,0,0,0,0,0,0
0,0,0,2,5,8,10,16,15,25,43,83,95,38,7,0,0,0,0,0,0,0,0,0,0,0,0,0
0,0,0,4,9,12,11,15,23,26,29,75,95,41,13,0,0,0,0,0,0,0,0,0,0,0,0,0
0,0,0,3,2,11,10,13,19,26,41,85,87,41,11,0,0,0,0,0,0,0,0,0,0,0,0,0
0,0,0,1,2,10,14,19,30,17,38,70,97,42,9,1,0,0,0,0,0,0,0,0,0,0,0,0
0,0,0,3,6,10,15,7,23,27,38,82,95,33,11,1,0,0,0,0,0,0,0,0,0,0,0,0
0,0,0,0,7,9,10,23,25,26,37,94,80,35,10,0,0,0,0,0,0,0,0,0,0,0,0,0
0,0,0,1,3,11,14,17,20,21,37,78,108,33,8,0,0,0,0,0,0,0,0,0,0,0,0,0
0,0,2,1,8,11,10,12,21,24,46,82,86,41,7,0,0,0,0,0,0,0,0,0,0,0,0,0
0,0,0,0,3,8,14,12,27,26,35,82,95,39,11,0,0,0,0,0,0,0,0,0,0,0,0,0
0,0,0,3,2,7,14,14,16,24,37,85,91,47,8,0,0,0,0,0,0,0,0,0,0,0,0,0
0,0,1,1,2,11,15,20,19,25,34,86,91,42,5,0,0,0,0,0,0,0,0,0,0,0,0,0
0,0,0,0,4,8,14,17,19,24,35,80,93,50,7,1,0,0,0,0,0,0,0,0,0,0,0,0
0,0,0,0,3,14,19,11,13,27,36,80,100,42,4,1,0,0,0,0,0,0,0,0,0,0,0,0
0,0,0,1,8,10,8,15,28,28,38,64,96,45,8,1,1,0,0,0,0,0,0,0,0,0,0,0
0,0,1,1,5,9,12,15,24,23,34,89,95,37,6,0,0,0,0,0,0,0,0,0,0,0,0,0
0,0,0,2,7,5,14,18,19,26,39,76,83,46,11,0,0,0,0,0,0,0,0,0,0,0,0,0
0,0,0,2,7,6,11,13,26,26,44,70,98,37,7,1,0,0,0,0,0,0,0,0,0,0,0,0
0,0,0,0,2,11,9,11,19,39,40,67,100,45,11,1,0,0,0,0,0,0,0,0,0,0,0,0
0,0,1,1,6,7,18,14,22,33,41,71,90,40,8,0,0,0,0,0,0,0,0,0,0,0,0,0
0,0,0,2,5,9,11,17,19,29,36,86,89,37,11,0,0,0,0,0,0,0,0,0,0,0,0,0
0,0,1,1,2,10,14,17,20,22,42,82,93,35,11,0,0,0,0,0,0,0,0,0,0,0,0,0
0,0,1,2,4,3,8,13,29,36,37,72,93,47,8,0,0,0,0,0,0,0,0,0,0,0,0,0
0,0,0,0,5,6,11,15,22,25,25,87,97,41,10,1,0,0,0,0,0,0,0,0,0,0,0,0
0,0,0,3,2,6,14,16,18,19,43,77,107,38,5,2,0,0,0,0,0,0,0,0,0,0,0,0
0,0,0,2,1,9,11,20,17,21,40,89,102,35,5,0,0,0,0,0,0,0,0,0,0,0,0,0
0,0,0,2,6,8,9,14,26,29,32,90,92,39,2,1,0,0,0,0,0,0,0,0,0,0,0,0
0,0,2,1,1,16,10,12,18,25,52,70,99,36,7,1,0,0,0,0,0,0,0,0,0,0,0,0
0,0,0,2,6,13,13,11,31,26,41,77,92,37,6,0,0,0,0,0,0,0,0,0,0,0,0,0
0,0,0,0,5,15,12,9,13,28,42,87,95,40,9,0,0,0,0,0,0,0,0,0,0,0,0,0
0,0,0,1,6,10,8,13,26,24,44,84,81,46,9,0,0,0,0,0,0,0,0,0,0,0,0,0
0,0,0,1,1,14,17,12,17,21,33,91,101,33,12,0,0,0,0,0,0,0,0,0,0,0,0,0
0,0,0,1,9,9,15,14,23,31,34,74,94,43,10,0,0,0,0,0,0,0,0,0,0,0,0,0
0,0,0,1,3,9,10,17,21,20,34,79,113,34,8,0,0,0,0,0,0,0,0,0,0,0,0,0
