0,0,0,0,0,0,0,0,0,0,1,36,70,80,83,67,38,11,0,0,0,0,0,0,0,0,0,0
0,0,0,0,0,0,0,0,0,0,1,30,86,83,75,57,46,11,0,0,0,0,0,0,0,0,0,0
0,0,0,0,0,0,0,0,0,0,1,26,77,71,84,67,49,6,1,0,0,0,0,0,0,0,0,0
0,0,0,0,0,0,0,0,0,0,1,22,73,72,67,71,52,14,4,0,0,0,0,0,0,0,0,0
0,0,0,0,0,0,0,0,0,0,1,28,85,73,64,81,49,5,2,0,0,0,0,0,0,0,0,0
0,0,0,0,0,0,0,0,0,0,0,24,71,81,60,82,46,10,3,0,0,0,0,0,0,0,0,0
0,0,0,0,0,0,0,0,0,0,3,27,76,71,69,87,43,10,0,0,0,0,0,0,0,0,0,0
0,0,0,0,0,0,0,0,0,0,3,32,64,81,80,80,40,9,0,0,0,0,0,0,0,0,0,0
0,0,0,0,0,0,0,0,0,0,1,37,68,64,66,83,50,14,0,0,0,0,0,0,0,0,0,0
0,0,0,0,0,0,0,0,0,0,3,29,70,81,70,72,41,17,0,0,0,0,0,0,0,0,0,0
0,0,0,0,0,0,0,0,0,0,3,18,67,69,81,69,55,14,1,0,0,0,0,0,0,0,0,0
0,0,0,0,0,0,0,0,0,0,3,32,69,70,68,84,46,10,0,0,0,0,0,0,0,0,0,0
0,0,0,0,0,0,0,0,0,0,1,14,70,82,77,66,57,11,2,0,0,0,0,0,0,0,0,0
0,0,0,0,0,0,0,0,0,0,1,32,77,83,77,68,41,9,0,0,0,0,0,0,0,0,0,0
0,0,0,0,0,0,0,0,0,0,0,32,61,67,75,75,50,18,1,0,0,0,0,0,0,0,0,0
0,0,0,0,0,0,0,0,0,0,2,26,78,83,54,74,49,10,2,0,0,0,0,0,0,0,0,0
0,0,0,0,0,0,0,0,0,0,1,23,72,76,59,79,48,22,1,0,0,0,0,0,0,0,0,0
0,0,0,0,0,0,0,0,0,0,2,31,71,59,70,90,48,7,3,0,0,0,0,0,0,0,0,0
0,0,0,0,0,0,0,0,0,0,3,33,69,76,67,78,45,14,0,0,0,0,0,0,0,0,0,0
0,0,0,0,0,0,0,0,0,0,2,34,66,75,82,66,48,11,2,0,0,0,0,0,0,0,0,0
0,0,0,0,0,0,0,0,0,0,0,32,75,89,75,59,44,13,0,0,0,0,0,0,0,0,0,0
0,0,0,0,0,0,0,0,0,0,2,31,82,81,61,74,35,19,2,0,0,0,0,0,0,0,0,0
0,0,0,0,0,0,0,0,0,0,1,37,55,72,65,79,61,10,2,0,0,0,0,0,0,0,0,0
0,0,0,0,0,0,0,0,0,0,0,23,80,70,72,73,51,14,1,0,0,0,0,0,0,0,0,0
0,0,0,0,0,0,0,0,0,0,2,29,81,86,69,65,42,14,0,0,0,0,0,0,0,0,0,0
0,0,0,0,0,0,0,0,0,0,0,26,66,58,78,88,52,7,0,0,0,0,0,0,0,0,0,0
0,0,0,0,0,0,0,0,0,0,1,25,79,81,79,59,48,13,2,0,0,0,0,0,0,0,0,0
0,0,0,0,0,0,0,0,0,0,2,23,82,73,61,75,50,15,1,0,0,0,0,0,0,0,0,0
0,0,0,0,0,0,0,0,0,0,2,27,59,77,82,63,56,15,1,0,0,0,0,0,0,0,0,0
0,0,0,0,0,0,0,0,0,0,3,35,60,70,81,72,47,10,2,0,0,0,0,0,0,0,0,0
0,0,0,0,0,0,0,0,0,0,0,26,77,75,53,84,56,10,3,0,0,0,0,0,0,0,0,0
0,0,0,0,0,0,0,0,0,0,1,27,86,74,57,78,48,14,0,0,0,0,0,0,0,0,0,0
0,0,0,0,0,0,0,0,0,0,2,33,84,75,70,76,38,12,0,0,0,0,0,0,0,0,0,0
0,0,0,0,0,0,0,0,0,0,2,27,70,75,67,84,42,10,1,0,0,0,0,0,0,0,0,0
0,0,0,0,0,0,0,0,0,0,2,47,80,68,68,63,43,15,1,0,0,0,0,0,0,0,0,0
0,0,0,0,0,0,0,0,0,0,4,23,76,83,72,62,47,13,2,0,0,0,0,0,0,0,0,0
0,0,0,0,0,0,0,0,0,0,0,32,72,78,71,71,45,11,2,0,0,0,0,0,0,0,0,0
0,0,0,0,0,0,0,0,0,0,1,28,72,71,71,92,38,10,1,0,0,0,0,0,0,0,0,0
0,0,0,0,0,0,0,0,0,0,2,32,68,87,81,67,41,8,0,0,0,0,0,0,0,0,0,0
0,0,0,0,0,0,0,0,0,0,1,26,55,78,83,75,47,14,1,0,0,0,0,0,0,0,0,0
0,0,0,0,0,0,0,0,0,0,3,37,79,67,67,67,46,12,3,0,0,0,0,0,0,0,0,0
0,0,0,0,0,0,0,0,0,0,2,22,69,82,65,79,50,11,1,0,0,0,0,0,0,0,0,0
0,0,0,0,0,0,0,0,0,0,1,34,71,73,70,98,35,6,0,0,0,0,0,0,0,0,0,0
0,0,0,0,0,0,0,0,0,0,1,38,68,76,68,94,40,4,1,0,0,0,0,0,0,0,0,0
0,0,0,0,0,0,0,0,0,0,1,38,58,76,64,82,53,13,0,0,0,0,0,0,0,0,0,0
0,0,0,0,0,0,0,0,0,0,0,24,68,81,72,76,39,14,1,0,0,0,0,0,0,0,0,0
0,0,0,0,0,0,0,0,0,0,1,39,73,82,72,65,53,5,0,0,0,0,0,0,0,0,0,0
0,0,0,0,0,0,0,0,0,0,3,35,62,84,64,75,48,10,1,0,0,0,0,0,0,0,0,0
0,0,0,0,0,0,0,0,0,0,0,17,63,80,76,75,55,9,1,0,0,0,0,0,0,0,0,0
0,0,0,0,0,0,0,0,0,0,1,28,76,88,66,55,54,16,0,0,0,0,0,0,0,0,0,0
0,0,0,0,0,0,0,0,0,0,1,32,78,85,58,75,41,13,1,0,0,0,0,0,0,0,0,0
0,0,0,0,0,0,0,0,0,0,0,19,72,85,69,81,47,9,0,0,0,0,0,0,0,0,0,0
0,0,0,0,0,0,0,0,0,0,2,26,59,69,78,75,54,19,0,0,0,0,0,0,0,0,0,0
0,0,0,0,0,0,0,0,0,0,1,27,84,82,62,87,37,6,2,0,0,0,0,0,0,0,0,0
0,0,0,0,0,0,0,0,0,0,4,40,74,67,73,68,52,9,0,0,0,0,0,0,0,0,0,0
0,0,0,0,0,0,0,0,0,0,1,36,65,64,82,79,53,5,0,0,0,0,0,0,0,0,0,0
0,0,0,0,0,0,0,0,0,0,3,32,70,91,81,63,41,7,1,0,0,0,0,0,0,0,0,0
0,0,0,0,0,0,0,0,0,0,3,33,79,63,69,69,49,18,2,0,0,0,0,0,0,0,0,0
0,0,0,0,0,0,0,0,0,0,0,25,52,68,69,77,64,14,2,0,0,0,0,0,0,0,0,0
0,0,0,0,0,0,0,0,0,0,3,35,72,78,73,78,35,9,2,0,0,0,0,0,0,0,0,0
0,0,0,0,0,0,0,0,0,0,1,18,74,81,61,74,56,14,2,0,0,0,0,0,0,0,0,0
0,0,0,0,0,0,0,0,0,0,4,42,65,65,85,74,46,3,4,0,0,0,0,0,0,0,0,0
0,0,0,0,0,0,0,0,0,0,0,19,75,75,78,70,56,5,2,0,0,0,0,0,0,0,0,0
0,0,0,0,0,0,0,0,0,0,2,19,71,80,80,68,46,14,3,0,0,0,0,0,0,0,0,0
0,0,0,0,0,0,0,0,0,0,1,30,73,76,64,78,52,10,0,0,0,0,0,0,0,0,0,0
0,0,0,0,0,0,0,0,0,0,3,37,71,61,78,63,63,7,1,0,0,0,0,0,0,0,0,0
0,0,0,0,0,0,0,0,0,0,0,26,63,67,73,79,46,17,4,0,0,0,0,0,0,0,0,0
0,0,0,0,0,0,0,0,0,0,2,38,74,83,55,88,45,2,0,0,0,0,0,0,0,0,0,0
0,0,0,0,0,0,0,0,0,0,3,32,60,62,91,79,43,16,0,0,0,0,0,0,0,0,0,0
0,0,0,0,0,0,0,0,0,0,0,19,78,82,75,75,34,17,0,0,0,0,0,0,0,0,0,0
0,0,0,0,0,0,0,0,0,0,1,33,66,82,67,79,45,7,2,0,0,0,0,0,0,0,0,0
0,0,0,0,0,0,0,0,0,0,1,41,82,74,78,61,43,6,0,0,0,0,0,0,0,0,0,0
0,0,0,0,0,0,0,0,0,0,0,37,66,72,63,86,50,9,0,0,0,0,0,0,0,0,0,0
0,0,0,0,0,0,0,0,0,0,0,29,75,86,77,65,42,9,1,0,0,0,0,0,0,0,0,0
0,0,0,0,0,0,0,0,0,0,1,28,57,81,88,79,43,9,0,0,0,0,0,0,0,0,0,0
0,0,0,0,0,0,0,0,0,0,2,35,63,69,87,71,44,12,2,0,0,0,0,0,0,0,0,0
0,0,0,0,0,0,0,0,0,0,2,29,74,71,78,92,37,5,2,0,0,0,0,0,0,0,0,0
0,0,0,0,0,0,0,0,0,0,1,18,66,72,68,69,58,16,4,0,0,0,0,0,0,0,0,0
0,0,0,0,0,0,0,0,0,0,0,31,65,72,79,72,44,18,0,0,0,0,0,0,0,0,0,0
0,0,0,0,0,0,0,0,0,0,1,25,72,78,86,72,38,10,0,0,0,0,0,0,0,0,0,0
0,0,0,0,0,0,0,0,0,0,1,39,67,83,62,75,48,8,2,0,0,0,0,0,0,0,0,0
0,0,0,0,0,0,0,0,0,0,0,30,82,61,65,85,55,7,0,0,0,0,0,0,0,0,0,0
0,0,0,0,0,0,0,0,0,0,1,27,64,76,76,69,53,9,1,0,0,0,0,0,0,0,0,0
0,0,0,0,0,0,0,0,0,0,4,25,70,85,62,80,43,13,1,0,0,0,0,0,0,0,0,0
0,0,0,0,0,0,0,0,0,0,3,37,64,63,92,66,53,7,0,0,0,0,0,0,0,0,0,0
0,0,0,0,0,0,0,0,0,0,1,24,72,75,73,78,43,12,4,0,0,0,0,0,0,0,0,0
0,0,0,0,0,0,0,0,0,0,2,31,63,72,91,64,49,11,0,0,0,0,0,0,0,0,0,0
0,0,0,0,0,0,0,0,0,0,1,45,71,82,74,76,40,1,0,0,0,0,0,0,0,0,0,0
0,0,0,0,0,0,0,0,0,0,1,19,70,99,60,74,49,6,2,0,0,0,0,0,0,0,0,0
0,0,0,0,0,0,0,0,0,0,3,35,65,73,69,83,47,8,0,0,0,0,0,0,0,0,0,0
0,0,0,0,0,0,0,0,0,0,1,25,81,73,68,75,44,13,2,0,0,0,0,0,0,0,0,0
0,0,0,0,0,0,0,0,0,0,2,31,71,77,66,77,49,8,1,0,0,0,0,0,0,0,0,0
0,0,0,0,0,0,0,0,0,0,2,37,74,66,81,70,46,7,0,0,0,0,0,0,0,0,0,0
0,0,0,0,0,0,0,0,0,0,2,32,75,71,75,71,47,8,0,0,0,0,0,0,0,0,0,0
0,0,0,0,0,0,0,0,0,0,3,31,75,75,65,80,42,11,1,0,0,0,0,0,0,0,0,0
0,0,0,0,0,0,0,0,0,0,2,37,83,67,74,81,36,9,0,0,0,0,0,0,0,0,0,0
0,0,0,0,0,0,0,0,0,0,2,40,68,74,86,70,44,4,0,0,0,0,0,0,0,0,0,0
0,0,0,0,0,0,0,0,0,0,1,35,91,67,60,80,44,5,2,0,0,0,0,0,0,0,0,0
0,0,0,0,0,0,0,0,0,0,7,19,73,78,70,67,58,10,3,0,0,0,0,0,0,0,0,0
0,0,0,0,0,0,0,0,0,0,2,39,64,76,76,72,48,8,2,0,0,0,0,0,0,0,0,0
0,0,0,0,0,0,0,0,0,0,2,38,64,81,73,79,35,12,0,0,0,0,0,0,0,0,0,0
0,0,0,0,0,0,0,0,0,0,2,35,76,79,68,88,38,4,1,0,0,0,0,0,0,0,0,0
0,0,0,0,0,0,0,0,0,0,3,31,70,77,65,68,49,16,3,0,0,0,0,0,0,0,0,0
0,0,0,0,0,0,0,0,0,0,1,29,63,83,91,75,35,7,0,0,0,0,0,0,0,0,0,0
0,0,0,0,0,0,0,0,0,0,0,24,73,92,74,58,46,16,1,0,0,0,0,0,0,0,0,0
0,0,0,0,0,0,0,0,0,0,0,24,85,75,67,69,48,14,1,0,0,0,0,0,0,0,0,0
0,0,0,0,0,0,0,0,0,0,3,37,65,69,83,78,38,9,2,0,0,0,0,0,0,0,0,0
0,0,0,0,0,0,0,0,0,0,3,35,80,77,64,76,45,8,0,0,0,0,0,0,0,0,0,0
0,0,0,0,0,0,0,0,0,0,3,38,65,73,73,74,50,5,2,0,0,0,0,0,0,0,0,0
0,0,0,0,0,0,0,0,0,0,1,24,54,83,72,66,60,15,2,0,0,0,0,0,0,0,0,0
0,0,0,0,0,0,0,0,0,0,0,28,65,94,75,70,43,10,0,0,0,0,0,0,0,0,0,0
0,0,0,0,0,0,0,0,0,0,1,37,91,68,66,78,39,8,0,0,0,0,0,0,0,0,0,0
0,0,0,0,0,0,0,0,0,0,2,39,71,77,64,84,38,10,1,0,0,0,0,0,0,0,0,0
0,0,0,0,0,0,0,0,0,0,3,36,74,65,92,75,32,10,1,0,0,0,0,0,0,0,0,0
0,0,0,0,0,0,0,0,0,0,5,22,78,96,86,53,37,9,1,0,0,0,0,0,0,0,0,0
0,0,0,0,0,0,0,0,0,0,1,24,70,76,91,79,32,11,0,0,0,0,0,0,0,0,0,0
0,0,0,0,0,0,0,0,0,0,0,33,63,70,74,86,38,10,1,0,0,0,0,0,0,0,0,0
0,0,0,0,0,0,0,0,0,0,1,33,84,84,60,77,48,7,0,0,0,0,0,0,0,0,0,0
0,0,0,0,0,0,0,0,0,0,0,28,71,78,65,75,51,8,2,0,0,0,0,0,0,0,0,0
0,0,0,0,0,0,0,0,0,0,0,37,62,85,68,72,51,12,0,0,0,0,0,0,0,0,0,0
0,0,0,0,0,0,0,0,0,0,5,32,65,84,76,64,38,17,1,0,0,0,0,0,0,0,0,0
0,0,0,0,0,0,0,0,0,0,4,29,69,94,69,78,36,8,1,0,0,0,0,0,0,0,0,0
0,0,0,0,0,0,0,0,0,0,2,33,68,74,89,66,44,8,2,0,0,0,0,0,0,0,0,0
0,0,0,0,0,0,0,0,0,0,2,24,83,71,68,74,52,8,1,0,0,0,0,0,0,0,0,0
0,0,0,0,0,0,0,0,0,0,1,37,74,70,57,80,48,15,0,0,0,0,0,0,0,0,0,0
0,0,0,0,0,0,0,0,0,0,2,43,78,70,69,79,38,7,3,0,0,0,0,0,0,0,0,0
0,0,0,0,0,0,0,0,0,0,0,26,74,81,78,69,49,8,0,0,0,0,0,0,0,0,0,0
0,0,0,0,0,0,0,0,0,0,0,22,77,68,71,70,63,8,1,0,0,0,0,0,0,0,0,0
0,0,0,0,0,0,0,0,0,0,1,24,60,88,67,72,57,13,0,0,0,0,0,0,0,0,0,0
0,0,0,0,0,0,0,0,0,0,1,33,70,72,76,86,34,9,2,0,0,0,0,0,0,0,0,0
0,0,0,0,0,0,0,0,0,0,3,49,65,67,67,83,36,14,1,0,0,0,0,0,0,0,0,0
0,0,0,0,0,0,0,0,0,0,2,21,77,77,70,79,48,7,0,0,0,0,0,0,0,0,0,0
0,0,0,0,0,0,0,0,0,0,3,37,74,74,64,75,55,3,0,0,0,0,0,0,0,0,0,0
0,0,0,0,0,0,0,0,0,0,3,39,59,73,75,81,49,11,0,0,0,0,0,0,0,0,0,0
0,0,0,0,0,0,0,0,0,0,2,30,79,78,62,81,37,16,1,0,0,0,0,0,0,0,0,0
0,0,0,0,0,0,0,0,0,0,0,33,69,85,79,65,43,6,2,0,0,0,0,0,0,0,0,0
0,0,0,0,0,0,0,0,0,0,2,38,84,82,79,66,29,6,1,0,0,0,0,0,0,0,0,0
0,0,0,0,0,0,0,0,0,0,3,36,76,73,72,78,37,11,0,0,0,0,0,0,0,0,0,0
0,0,0,0,0,0,0,0,0,0,3,26,89,74,80,54,42,18,0,0,0,0,0,0,0,0,0,0
0,0,0,0,0,0,0,0,0,0,1,32,67,77,87,81,35,6,1,0,0,0,0,0,0,0,0,0
0,0,0,0,0,0,0,0,0,0,0,27,66,95,60,76,45,13,0,0,0,0,0,0,0,0,0,0
0,0,0,0,0,0,0,0,0,0,1,20,71,85,63,83,53,8,0,0,0,0,0,0,0,0,0,0
0,0,0,0,0,0,0,0,0,0,1,34,84,55,74,84,41,7,0,0,0,0,0,0,0,0,0,0
0,0,0,0,0,0,0,0,0,0,1,26,73,79,80,68,43,8,2,0,0,0,0,0,0,0,0,0
0,0,0,0,0,0,0,0,0,0,3,30,57,86,75,80,40,9,2,0,0,0,0,0,0,0,0,0
0,0,0,0,0,0,0,0,0,0,2,27,74,73,60,82,47,15,0,0,0,0,0,0,0,0,0,0
0,0,0,0,0,0,0,0,0,0,2,32,73,62,68,87,42,17,0,0,0,0,0,0,0,0,0,0
0,0,0,0,0,0,0,0,0,0,2,28,60,88,77,59,47,16,1,0,0,0,0,0,0,0,0,0
0,0,0,0,0,0,0,0,0,0,2,21,75,82,78,83,32,13,1,0,0,0,0,0,0,0,0,0
0,0,0,0,0,0,0,0,0,0,3,24,77,75,68,75,50,11,1,0,0,0,0,0,0,0,0,0
0,0,0,0,0,0,0,0,0,0,5,25,62,81,73,89,35,12,2,0,0,0,0,0,0,0,0,0
0,0,0,0,0,0,0,0,0,0,1,25,78,80,75,70,43,10,1,0,0,0,0,0,0,0,0,0
0,0,0,0,0,0,0,0,0,0,2,25,46,99,63,75,44,18,2,0,0,0,0,0,0,0,0,0
0,0,0,0,0,0,0,0,0,0,0,34,70,85,63,73,47,13,1,0,0,0,0,0,0,0,0,0
0,0,0,0,0,0,0,0,0,0,5,40,68,68,86,63,47,9,2,0,0,0,0,0,0,0,0,0
0,0,0,0,0,0,0,0,0,0,2,40,80,64,85,78,35,5,0,0,0,0,0,0,0,0,0,0
0,0,0,0,0,0,0,0,0,0,4,36,80,72,67,80,42,8,0,0,0,0,0,0,0,0,0,0
0,0,0,0,0,0,0,0,0,0,1,38,63,67,78,77,49,12,0,0,0,0,0,0,0,0,0,0
0,0,0,0,0,0,0,0,0,0,0,35,58,87,78,67,44,14,1,0,0,0,0,0,0,0,0,0
0,0,0,0,0,0,0,0,0,0,0,32,57,89,74,71,52,8,2,0,0,0,0,0,0,0,0,0
0,0,0,0,0,0,0,0,0,0,4,32,57,60,74,87,52,11,0,0,0,0,0,0,0,0,0,0
0,0,0,0,0,0,0,0,0,0,3,36,72,78,65,67,52,10,1,0,0,0,0,0,0,0,0,0
0,0,0,0,0,0,0,0,0,0,4,37,72,78,79,72,36,9,1,0,0,0,0,0,0,0,0,0
0,0,0,0,0,0,0,0,0,0,1,43,77,65,77,70,50,5,1,0,0,0,0,0,0,0,0,0
0,0,0,0,0,0,0,0,0,0,0,39,55,76,75,84,47,8,0,0,0,0,0,0,0,0,0,0
0,0,0,0,0,0,0,0,0,0,5,31,67,79,70,78,43,9,1,0,0,0,0,0,0,0,0,0
0,0,0,0,0,0,0,0,0,0,1,38,58,90,68,81,42,7,0,0,0,0,0,0,0,0,0,0
0,0,0,0,0,0,0,0,0,0,3,41,73,74,75,81,33,7,2,0,0,0,0,0,0,0,0,0
0,0,0,0,0,0,0,0,0,0,3,37,88,71,79,59,43,6,1,0,0,0,0,0,0,0,0,0
0,0,0,0,0,0,0,0,0,0,1,31,73,80,65,82,39,6,4,0,0,0,0,0,0,0,0,0
0,0,0,0,0,0,0,0,0,0,4,34,74,72,71,82,39,8,1,0,0,0,0,0,0,0,0,0
0,0,0,0,0,0,0,0,0,0,3,18,90,72,77,67,51,6,3,0,0,0,0,0,0,0,0,0
0,0,0,0,0,0,0,0,0,0,0,21,57,78,79,77,55,14,0,0,0,0,0,0,0,0,0,0
0,0,0,0,0,0,0,0,0,0,1,39,81,72,81,60,45,11,0,0,0,0,0,0,0,0,0,0
0,0,0,0,0,0,0,0,0,0,4,44,78,76,69,74,30,14,0,0,0,0,0,0,0,0,0,0
0,0,0,0,0,0,0,0,0,0,1,24,68,83,77,70,43,15,0,0,0,0,0,0,0,0,0,0
0,0,0,0,0,0,0,0,0,0,2,17,72,73,76,86,46,9,0,0,0,0,0,0,0,0,0,0
0,0,0,0,0,0,0,0,0,0,2,27,72,67,65,88,42,14,0,0,0,0,0,0,0,0,0,0
0,0,0,0,0,0,0,0,0,0,2,27,79,70,80,75,38,11,1,0,0,0,0,0,0,0,0,0
0,0,0,0,0,0,0,0,0,0,0,23,58,73,86,79,48,12,0,0,0,0,0,0,0,0,0,0
0,0,0,0,0,0,0,0,0,0,4,20,84,72,64,80,47,8,2,0,0,0,0,0,0,0,0,0
0,0,0,0,0,0,0,0,0,0,2,30,65,84,74,66,51,10,0,0,0,0,0,0,0,0,0,0
0,0,0,0,0,0,0,0,0,0,3,25,76,71,63,73,54,13,3,0,0,0,0,0,0,0,0,0
0,0,0,0,0,0,0,0,0,0,3,48,66,85,69,69,44,4,1,0,0,0,0,0,0,0,0,0
0,0,0,0,0,0,0,0,0,0,0,27,71,68,71,86,54,8,0,0,0,0,0,0,0,0,0,0
0,0,0,0,0,0,0,0,0,0,0,22,70,75,59,83,59,11,0,0,0,0,0,0,0,0,0,0
0,0,0,0,0,0,0,0,0,0,3,41,74,60,66,90,46,8,1,0,0,0,0,0,0,0,0,0
0,0,0,0,0,0,0,0,0,0,1,31,61,74,84,84,36,11,1,0,0,0,0,0,0,0,0,0
0,0,0,0,0,0,0,0,0,0,3,35,75,69,69,76,49,7,2,0,0,0,0,0,0,0,0,0
0,0,0,0,0,0,0,0,0,0,0,27,65,77,80,63,55,11,1,0,0,0,0,0,0,0,0,0
0,0,0,0,0,0,0,0,0,0,2,29,82,70,75,74,44,11,0,0,0,0,0,0,0,0,0,0
0,0,0,0,0,0,0,0,0,0,4,28,69,67,73,80,48,11,1,0,0,0,0,0,0,0,0,0
0,0,0,0,0,0,0,0,0,0,3,31,74,75,80,62,44,15,0,0,0,0,0,0,0,0,0,0
0,0,0,0,0,0,0,0,0,0,2,32,72,83,74,69,40,9,2,0,0,0,0,0,0,0,0,0
0,0,0,0,0,0,0,0,0,0,2,28,72,69,81,79,42,11,1,0,0,0,0,0,0,0,0,0
0,0,0,0,0,0,0,0,0,0,0,26,72,78,71,67,51,13,1,0,0,0,0,0,0,0,0,0
0,0,0,0,0,0,0,0,0,0,3,41,67,89,76,66,39,6,2,0,0,0,0,0,0,0,0,0
0,0,0,0,0,0,0,0,0,0,1,25,79,81,75,81,37,8,1,0,0,0,0,0,0,0,0,0
0,0,0,0,0,0,0,0,0,0,2,32,75,88,67,74,40,8,1,0,0,0,0,0,0,0,0,0
0,0,0,0,0,0,0,0,0,0,0,31,82,78,61,82,43,8,0,0,0,0,0,0,0,0,0,0
0,0,0,0,0,0,0,0,0,0,3,41,78,69,83,70,40,5,0,0,0,0,0,0,0,0,0,0
0,0,0,0,0,0,0,0,0,0,1,32,62,72,80,73,50,13,2,0,0,0,0,0,0,0,0,0
0,0,0,0,0,0,0,0,0,0,3,41,70,87,72,74,33,9,0,0,0,0,0,0,0,0,0,0
0,0,0,0,0,0,0,0,0,0,2,29,68,56,77,81,54,12,2,0,0,0,0,0,0,0,0,0
0,0,0,0,0,0,0,0,0,0,1,25,74,65,74,68,54,14,3,0,0,0,0,0,0,0,0,0
0,0,0,0,0,0,0,0,0,0,2,32,73,71,70,84,44,8,0,0,0,0,0,0,0,0,0,0
0,0,0,0,0,0,0,0,0,0,2,41,81,62,67,74,49,7,1,0,0,0,0,0,0,0,0,0
0,0,0,0,0,0,0,0,0,0,0,34,62,69,85,81,46,9,0,0,0,0,0,0,0,0,0,0
0,0,0,0,0,0,0,0,0,0,0,22,55,84,71,70,58,15,2,0,0,0,0,0,0,0,0,0
0,0,0,0,0,0,0,0,0,0,3,39,86,56,71,70,48,10,3,0,0,0,0,0,0,0,0,0
0,0,0,0,0,0,0,0,0,0,4,28,65,64,71,71,56,17,3,0,0,0,0,0,0,0,0,0
0,0,0,0,0,0,0,0,0,0,2,40,66,72,67,76,52,12,1,0,0,0,0,0,0,0,0,0
0,0,0,0,0,0,0,0,0,0,3,36,64,78,65,94,41,8,0,0,0,0,0,0,0,0,0,0
0,0,0,0,0,0,0,0,0,0,0,26,81,79,69,77,43,8,1,0,0,0,0,0,0,0,0,0
0,0,0,0,0,0,0,0,0,0,2,41,62,62,76,93,43,8,1,0,0,0,0,0,0,0,0,0
0,0,0,0,0,0,0,0,0,0,1,38,76,75,70,79,42,4,0,0,0,0,0,0,0,0,0,0
0,0,0,0,0,0,0,0,0,0,0,38,69,64,67,91,37,14,1,0,0,0,0,0,0,0,0,0
0,0,0,0,0,0,0,0,0,0,0,23,62,70,66,74,65,16,1,0,0,0,0,0,0,0,0,0
0,0,0,0,0,0,0,0,0,0,1,25,65,72,88,81,42,10,1,0,0,0,0,0,0,0,0,0
0,0,0,0,0,0,0,0,0,0,5,31,66,83,71,78,42,9,1,0,0,0,0,0,0,0,0,0
0,0,0,0,0,0,0,0,0,0,1,49,78,67,64,76,42,9,1,0,0,0,0,0,0,0,0,0
0,0,0,0,0,0,0,0,0,0,5,19,70,63,78,78,55,12,1,0,0,0,0,0,0,0,0,0
0,0,0,0,0,0,0,0,0,0,1,38,83,63,75,79,39,10,0,0,0,0,0,0,0,0,0,0
0,0,0,0,0,0,0,0,0,0,4,34,68,86,70,79,37,9,0,0,0,0,0,0,0,0,0,0
0,0,0,0,0,0,0,0,0,0,1,37,79,81,59,71,47,14,0,0,0,0,0,0,0,0,0,0
0,0,0,0,0,0,0,0,0,0,4,27,88,89,53,71,51,4,1,0,0,0,0,0,0,0,0,0
0,0,0,0,0,0,0,0,0,0,4,27,65,69,76,70,58,12,0,0,0,0,0,0,0,0,0,0
0,0,0,0,0,0,0,0,0,0,2,36,62,87,80,72,46,8,0,0,0,0,0,0,0,0,0,0
0,0,0,0,0,0,0,0,0,0,1,27,62,75,65,93,43,12,0,0,0,0,0,0,0,0,0,0
0,0,0,0,0,0,0,0,0,0,1,35,57,86,76,76,43,8,0,0,0,0,0,0,0,0,0,0
0,0,0,0,0,0,0,0,0,0,0,28,71,81,70,76,45,12,1,0,0,0,0,0,0,0,0,0
0,0,0,0,0,0,0,0,0,0,4,31,79,81,80,61,40,11,1,0,0,0,0,0,0,0,0,0
0,0,0,0,0,0,0,0,0,0,1,40,62,88,66,75,43,7,2,0,0,0,0,0,0,0,0,0
0,0,0,0,0,0,0,0,0,0,3,25,76,71,89,77,32,7,1,0,0,0,0,0,0,0,0,0
0,0,0,0,0,0,0,0,0,0,3,30,81,73,73,85,34,10,0,0,0,0,0,0,0,0,0,0
0,0,0,0,0,0,0,0,0,0,3,25,85,74,90,62,44,8,0,0,0,0,0,0,0,0,0,0
0,0,0,0,0,0,0,0,0,0,4,34,73,76,75,68,43,11,1,0,0,0,0,0,0,0,0,0
0,0,0,0,0,0,0,0,0,0,3,40,77,69,81,82,32,5,0,0,0,0,0,0,0,0,0,0
0,0,0,0,0,0,0,0,0,0,4,35,61,63,86,84,44,8,1,0,0,0,0,0,0,0,0,0
0,0,0,0,0,0,0,0,0,0,0,26,69,64,82,75,49,14,1,0,0,0,0,0,0,0,0,0
0,0,0,0,0,0,0,0,0,0,2,26,55,70,78,70,62,14,1,0,0,0,0,0,0,0,0,0
0,0,0,0,0,0,0,0,0,0,2,33,61,69,79,83,42,11,2,0,0,0,0,0,0,0,0,0
0,0,0,0,0,0,0,0,0,0,2,39,84,74,68,74,41,8,2,0,0,0,0,0,0,0,0,0
0,0,0,0,0,0,0,0,0,0,3,29,70,75,70,80,45,13,0,0,0,0,0,0,0,0,0,0
0,0,0,0,0,0,0,0,0,0,0,20,62,75,87,74,48,11,1,0,0,0,0,0,0,0,0,0
0,0,0,0,0,0,0,0,0,0,1,34,62,91,68,75,46,10,1,0,0,0,0,0,0,0,0,0
0,0,0,0,0,0,0,0,0,0,2,27,75,62,80,82,40,15,2,0,0,0,0,0,0,0,0,0
0,0,0,0,0,0,0,0,0,0,2,33,65,87,75,73,42,8,3,0,0,0,0,0,0,0,0,0
0,0,0,0,0,0,0,0,0,0,2,26,70,81,73,74,50,7,1,0,0,0,0,0,0,0,0,0
0,0,0,0,0,0,0,0,0,0,2,36,71,68,62,74,56,11,2,0,0,0,0,0,0,0,0,0
0,0,0,0,0,0,0,0,0,0,1,32,64,74,64,77,60,10,1,0,0,0,0,0,0,0,0,0
0,0,0,0,0,0,0,0,0,0,2,31,75,82,65,69,47,9,1,0,0,0,0,0,0,0,0,0
0,0,0,0,0,0,0,0,0,0,3,38,70,78,73,78,34,9,1,0,0,0,0,0,0,0,0,0
0,0,0,0,0,0,0,0,0,0,0,34,64,69,90,71,50,10,0,0,0,0,0,0,0,0,0,0
0,0,0,0,0,0,0,0,0,0,1,31,82,75,72,78,36,10,0,0,0,0,0,0,0,0,0,0
0,0,0,0,0,0,0,0,0,0,0,16,79,78,74,74,43,10,1,0,0,0,0,0,0,0,0,0
0,0,0,0,0,0,0,0,0,0,2,26,79,63,81,73,54,6,0,0,0,0,0,0,0,0,0,0
0,0,0,0,0,0,0,0,0,0,0,23,80,75,63,84,33,18,2,0,0,0,0,0,0,0,0,0
0,0,0,0,0,0,0,0,0,0,2,33,66,94,73,74,31,13,0,0,0,0,0,0,0,0,0,0
0,0,0,0,0,0,0,0,0,0,1,40,71,64,78,78,42,9,0,0,0,0,0,0,0,0,0,0
0,0,0,0,0,0,0,0,0,0,1,27,74,78,67,79,40,12,2,0,0,0,0,0,0,0,0,0
0,0,0,0,0,0,0,0,0,0,2,36,62,78,72,86,39,8,1,0,0,0,0,0,0,0,0,0
0,0,0,0,0,0,0,0,0,0,4,24,68,76,76,71,46,15,2,0,0,0,0,0,0,0,0,0
0,0,0,0,0,0,0,0,0,0,0,27,65,89,61,78,49,13,1,0,0,0,0,0,0,0,0,0
0,0,0,0,0,0,0,0,0,0,0,26,56,76,81,85,47,7,2,0,0,0,0,0,0,0,0,0
0,0,0,0,0,0,0,0,0,0,0,34,62,76,89,78,42,2,1,0,0,0,0,0,0,0,0,0
0,0,0,0,0,0,0,0,0,0,2,44,61,69,77,89,35,9,0,0,0,0,0,0,0,0,0,0
0,0,0,0,0,0,0,0,0,0,3,36,74,64,57,101,43,5,1,0,0,0,0,0,0,0,0,0
0,0,0,0,0,0,0,0,0,0,5,40,77,66,62,76,45,13,1,0,0,0,0,0,0,0,0,0
0,0,0,0,0,0,0,0,0,0,2,46,72,70,74,75,43,5,0,0,0,0,0,0,0,0,0,0
0,0,0,0,0,0,0,0,0,0,2,30,76,68,75,80,45,10,1,0,0,0,0,0,0,0,0,0
0,0,0,0,0,0,0,0,0,0,2,28,85,87,69,59,43,10,1,0,0,0,0,0,0,0,0,0
0,0,0,0,0,0,0,0,0,0,2,36,68,81,57,101,34,10,1,0,0,0,0,0,0,0,0,0
0,0,0,0,0,0,0,0,0,0,3,37,82,60,70,90,34,8,3,0,0,0,0,0,0,0,0,0
0,0,0,0,0,0,0,0,0,0,0,26,74,77,71,78,46,6,2,0,0,0,0,0,0,0,0,0
0,0,0,0,0,0,0,0,0,0,4,26,68,87,77,64,38,15,4,0,0,0,0,0,0,0,0,0
0,0,0,0,0,0,0,0,0,0,1,37,70,71,76,68,44,10,4,0,0,0,0,0,0,0,0,0
0,0,0,0,0,0,0,0,0,0,0,36,61,77,68,66,56,14,2,0,0,0,0,0,0,0,0,0
0,0,0,0,0,0,0,0,0,0,5,37,69,88,87,69,28,11,0,0,0,0,0,0,0,0,0,0
0,0,0,0,0,0,0,0,0,0,2,38,83,69,76,64,40,13,4,0,0,0,0,0,0,0,0,0
0,0,0,0,0,0,0,0,0,0,3,39,71,85,79,64,44,7,0,0,0,0,0,0,0,0,0,0
0,0,0,0,0,0,0,0,0,0,1,29,86,77,79,60,38,14,0,0,0,0,0,0,0,0,0,0
0,0,0,0,0,0,0,0,0,0,2,32,63,84,77,68,45,9,2,0,0,0,0,0,0,0,0,0
0,0,0,0,0,0,0,0,0,0,3,33,88,73,68,76,30,9,3,0,0,0,0,0,0,0,0,0
0,0,0,0,0,0,0,0,0,0,1,35,66,75,81,71,45,9,1,0,0,0,0,0,0,0,0,0
0,0,0,0,0,0,0,0,0,0,2,26,81,71,77,73,45,9,0,0,0,0,0,0,0,0,0,0
0,0,0,0,0,0,0,0,0,0,3,22,87,79,61,71,41,14,2,0,0,0,0,0,0,0,0,0
0,0,0,0,0,0,0,0,0,0,2,28,63,86,77,75,42,10,2,0,0,0,0,0,0,0,0,0
0,0,0,0,0,0,0,0,0,0,0,32,68,58,73,97,52,5,0,0,0,0,0,0,0,0,0,0
0,0,0,0,0,0,0,0,0,0,2,25,75,81,75,74,44,9,2,0,0,0,0,0,0,0,0,0
0,0,0,0,0,0,0,0,0,0,2,30,57,78,66,78,49,17,0,0,0,0,0,0,0,0,0,0
0,0,0,0,0,0,0,0,0,0,2,21,82,72,74,62,44,16,3,0,0,0,0,0,0,0,0,0
0,0,0,0,0,0,0,0,0,0,2,38,72,66,88,77,34,7,3,0,0,0,0,0,0,0,0,0
0,0,0,0,0,0,0,0,0,0,2,42,73,66,75,68,43,12,1,0,0,0,0,0,0,0,0,0
0,0,0,0,0,0,0,0,0,0,7,30,65,82,95,71,28,9,0,0,0,0,0,0,0,0,0,0
0,0,0,0,0,0,0,0,0,0,0,25,52,86,87,77,42,11,3,0,0,0,0,0,0,0,0,0
0,0,0,0,0,0,0,0,0,0,0,21,62,82,86,68,46,16,1,0,0,0,0,0,0,0,0,0
0,0,0,0,0,0,0,0,0,0,1,38,84,69,88,58,40,8,1,0,0,0,0,0,0,0,0,0
0,0,0,0,0,0,0,0,0,0,7,27,86,75,60,90,35,5,0,0,0,0,0,0,0,0,0,0
0,0,0,0,0,0,0,0,0,0,0,43,51,74,77,85,46,8,0,0,0,0,0,0,0,0,0,0
0,0,0,0,0,0,0,0,0,0,4,40,73,76,67,72,38,15,0,0,0,0,0,0,0,0,0,0
0,0,0,0,0,0,0,0,0,0,2,23,65,66,77,87,42,12,2,0,0,0,0,0,0,0,0,0
0,0,0,0,0,0,0,0,0,0,2,47,87,81,70,68,34,1,1,0,0,0,0,0,0,0,0,0
0,0,0,0,0,0,0,0,0,0,2,21,63,86,78,81,39,11,2,0,0,0,0,0,0,0,0,0
0,0,0,0,0,0,0,0,0,0,3,26,61,82,69,72,65,4,0,0,0,0,0,0,0,0,0,0
0,0,0,0,0,0,0,0,0,0,2,33,54,66,90,86,32,15,0,0,0,0,0,0,0,0,0,0
0,0,0,0,0,0,0,0,0,0,4,34,78,78,70,72,41,10,1,0,0,0,0,0,0,0,0,0
0,0,0,0,0,0,0,0,0,0,1,24,69,81,79,70,43,14,0,0,0,0,0,0,0,0,0,0
0,0,0,0,0,0,0,0,0,0,2,28,70,65,66,92,39,14,2,0,0,0,0,0,0,0,0,0
0,0,0,0,0,0,0,0,0,0,0,31,70,71,67,73,42,20,4,0,0,0,0,0,0,0,0,0
0,0,0,0,0,0,0,0,0,0,2,46,76,72,69,68,34,15,1,0,0,0,0,0,0,0,0,0
0,0,0,0,0,0,0,0,0,0,2,34,68,70,75,99,29,6,2,0,0,0,0,0,0,0,0,0
0,0,0,0,0,0,0,0,0,0,2,42,71,68,75,75,38,9,3,0,0,0,0,0,0,0,0,0
0,0,0,0,0,0,0,0,0,0,2,42,71,64,69,90,42,9,0,0,0,0,0,0,0,0,0,0
0,0,0,0,0,0,0,0,0,0,1,35,81,59,67,87,45,10,0,0,0,0,0,0,0,0,0,0
0,0,0,0,0,0,0,0,0,0,2,27,78,82,78,71,43,8,0,0,0,0,0,0,0,0,0,0
0,0,0,0,0,0,0,0,0,0,1,27,68,75,65,85,40,15,0,0,0,0,0,0,0,0,0,0
0,0,0,0,0,0,0,0,0,0,0,44,51,77,79,85,34,13,1,0,0,0,0,0,0,0,0,0
0,0,0,0,0,0,0,0,0,0,1,25,67,87,91,65,40,10,2,0,0,0,0,0,0,0,0,0
0,0,0,0,0,0,0,0,0,0,3,35,64,68,79,72,51,6,1,0,0,0,0,0,0,0,0,0
0,0,0,0,0,0,0,0,0,0,2,29,83,83,74,63,35,15,1,0,0,0,0,0,0,0,0,0
0,0,0,0,0,0,0,0,0,0,2,39,75,76,64,65,46,12,2,0,0,0,0,0,0,0,0,0
0,0,0,0,0,0,0,0,0,0,4,38,66,71,71,96,32,7,2,0,0,0,0,0,0,0,0,0
0,0,0,0,0,0,0,0,0,0,2,20,77,83,69,77,45,7,2,0,0,0,0,0,0,0,0,0
0,0,0,0,0,0,0,0,0,0,0,15,70,83,66,68,55,15,1,0,0,0,0,0,0,0,0,0
0,0,0,0,0,0,0,0,0,0,0,28,68,72,62,91,47,11,3,0,0,0,0,0,0,0,0,0
0,0,0,0,0,0,0,0,0,0,2,34,80,76,71,67,49,5,1,0,0,0,0,0,0,0,0,0
0,0,0,0,0,0,0,0,0,0,3,39,77,78,79,71,33,8,1,0,0,0,0,0,0,0,0,0
0,0,0,0,0,0,0,0,0,0,1,37,77,70,76,79,36,10,0,0,0,0,0,0,0,0,0,0
0,0,0,0,0,0,0,0,0,0,1,36,52,76,74,82,37,16,3,0,0,0,0,0,0,0,0,0
0,0,0,0,0,0,0,0,0,0,2,21,58,80,83,61,52,15,3,0,0,0,0,0,0,0,0,0
0,0,0,0,0,0,0,0,0,0,2,32,62,85,68,71,52,12,0,0,0,0,0,0,0,0,0,0
0,0,0,0,0,0,0,0,0,0,4,26,75,66,88,75,44,10,0,0,0,0,0,0,0,0,0,0
0,0,0,0,0,0,0,0,0,0,2,23,77,83,65,59,54,13,1,0,0,0,0,0,0,0,0,0
0,0,0,0,0,0,0,0,0,0,0,34,88,64,57,80,48,10,0,0,0,0,0,0,0,0,0,0
0,0,0,0,0,0,0,0,0,0,0,38,83,70,64,87,36,10,1,0,0,0,0,0,0,0,0,0
0,0,0,0,0,0,0,0,0,0,3,34,72,74,64,68,59,9,0,0,0,0,0,0,0,0,0,0
0,0,0,0,0,0,0,0,0,0,0,17,72,90,55,59,66,20,2,0,0,0,0,0,0,0,0,0
0,0,0,0,0,0,0,0,0,0,5,30,89,75,62,62,57,5,0,0,0,0,0,0,0,0,0,0
0,0,0,0,0,0,0,0,0,0,1,32,65,90,73,69,37,14,2,0,0,0,0,0,0,0,0,0
0,0,0,0,0,0,0,0,0,0,4,34,74,69,82,83,31,9,0,0,0,0,0,0,0,0,0,0
0,0,0,0,0,0,0,0,0,0,2,23,71,80,72,82,46,5,1,0,0,0,0,0,0,0,0,0
0,0,0,0,0,0,0,0,0,0,3,23,63,72,67,75,66,8,0,0,0,0,0,0,0,0,0,0
0,0,0,0,0,0,0,0,0,0,8,35,70,70,84,73,44,8,0,0,0,0,0,0,0,0,0,0
0,0,0,0,0,0,0,0,0,0,3,39,66,76,71,67,50,15,1,0,0,0,0,0,0,0,0,0
0,0,0,0,0,0,0,0,0,0,0,27,73,78,69,71,48,17,1,0,0,0,0,0,0,0,0,0
0,0,0,0,0,0,0,0,0,0,0,41,67,77,82,62,36,12,1,0,0,0,0,0,0,0,0,0
0,0,0,0,0,0,0,0,0,0,2,29,70,81,81,71,39,9,1,0,0,0,0,0,0,0,0,0
0,0,0,0,0,0,0,0,0,0,2,22,71,73,61,81,56,14,1,0,0,0,0,0,0,0,0,0
0,0,0,0,0,0,0,0,0,0,5,27,72,79,68,80,47,4,1,0,0,0,0,0,0,0,0,0
0,0,0,0,0,0,0,0,0,0,3,20,76,72,73,76,49,12,0,0,0,0,0,0,0,0,0,0
0,0,0,0,0,0,0,0,0,0,0,24,63,84,54,88,51,10,3,1,0,0,0,0,0,0,0,0
0,0,0,0,0,0,0,0,0,0,4,36,45,81,69,77,52,11,1,0,0,0,0,0,0,0,0,0
0,0,0,0,0,0,0,0,0,0,1,38,73,69,61,80,54,8,0,0,0,0,0,0,0,0,0,0
0,0,0,0,0,0,0,0,0,0,0,36,68,91,62,68,46,9,2,0,0,0,0,0,0,0,0,0
0,0,0,0,0,0,0,0,0,0,4,30,69,64,89,56,56,10,2,0,0,0,0,0,0,0,0,0
0,0,0,0,0,0,0,0,0,0,1,27,76,69,72,82,44,12,1,0,0,0,0,0,0,0,0,0
0,0,0,0,0,0,0,0,0,0,2,33,68,74,66,82,51,6,1,0,0,0,0,0,0,0,0,0
0,0,0,0,0,0,0,0,0,0,2,38,82,63,60,81,49,9,0,0,0,0,0,0,0,0,0,0
0,0,0,0,0,0,0,0,0,0,1,34,63,82,72,67,58,3,2,0,0,0,0,0,0,0,0,0
0,0,0,0,0,0,0,0,0,0,0,23,82,83,66,76,43,8,2,0,0,0,0,0,0,0,0,0
0,0,0,0,0,0,0,0,0,0,0,35,91,66,72,64,40,12,3,0,0,0,0,0,0,0,0,0
0,0,0,0,0,0,0,0,0,0,1,24,71,76,67,88,46,6,1,0,0,0,0,0,0,0,0,0
0,0,0,0,0,0,0,0,0,0,1,25,65,80,77,67,56,13,0,0,0,0,0,0,0,0,0,0
0,0,0,0,0,0,0,0,0,0,3,37,62,78,72,74,47,7,4,0,0,0,0,0,0,0,0,0
0,0,0,0,0,0,0,0,0,0,2,32,79,65,71,79,44,8,1,0,0,0,0,0,0,0,0,0
0,0,0,0,0,0,0,0,0,0,3,28,79,60,65,79,55,9,3,0,0,0,0,0,0,0,0,0
0,0,0,0,0,0,0,0,0,0,2,36,77,59,67,89,41,9,1,0,0,0,0,0,0,0,0,0
0,0,0,0,0,0,0,0,0,0,5,34,69,78,70,59,57,9,3,0,0,0,0,0,0,0,0,0
0,0,0,0,0,0,0,0,0,0,4,30,73,82,81,70,37,9,1,0,0,0,0,0,0,0,0,0
0,0,0,0,0,0,0,0,0,0,1,45,73,72,80,67,35,15,2,0,0,0,0,0,0,0,0,0
0,0,0,0,0,0,0,0,0,0,1,36,79,74,78,71,39,8,0,0,0,0,0,0,0,0,0,0
0,0,0,0,0,0,0,0,0,0,2,30,70,81,83,75,36,8,1,0,0,0,0,0,0,0,0,0
0,0,0,0,0,0,0,0,0,0,0,21,75,76,62,80,47,15,4,0,0,0,0,0,0,0,0,0
0,0,0,0,0,0,0,0,0,0,0,21,68,63,66,99,49,14,1,0,0,0,0,0,0,0,0,0
0,0,0,0,0,0,0,0,0,0,1,43,68,83,73,74,45,4,0,0,0,0,0,0,0,0,0,0
0,0,0,0,0,0,0,0,0,0,2,42,82,70,81,75,32,7,2,0,0,0,0,0,0,0,0,0
0,0,0,0,0,0,0,0,0,0,0,26,78,79,80,65,36,17,0,0,0,0,0,0,0,0,0,0
0,0,0,0,0,0,0,0,0,0,0,29,71,78,72,75,44,12,1,0,0,0,0,0,0,0,0,0
0,0,0,0,0,0,0,0,0,0,1,30,56,72,63,92,59,11,1,0,0,0,0,0,0,0,0,0
0,0,0,0,0,0,0,0,0,0,0,28,64,62,76,80,53,13,1,0,0,0,0,0,0,0,0,0
0,0,0,0,0,0,0,0,0,0,0,33,82,74,61,80,45,11,0,0,0,0,0,0,0,0,0,0
0,0,0,0,0,0,0,0,0,0,2,26,65,87,66,77,45,14,0,0,0,0,0,0,0,0,0,0
0,0,0,0,0,0,0,0,0,0,0,31,75,67,54,85,55,14,0,0,0,0,0,0,0,0,0,0
0,0,0,0,0,0,0,0,0,0,0,30,87,84,65,61,45,10,1,0,0,0,0,0,0,0,0,0
0,0,0,0,0,0,0,0,0,0,2,34,70,78,65,83,41,8,1,0,0,0,0,0,0,0,0,0
0,0,0,0,0,0,0,0,0,0,1,34,82,74,67,72,51,6,0,0,0,0,0,0,0,0,0,0
0,0,0,0,0,0,0,0,0,0,2,39,78,76,68,78,40,10,1,0,0,0,0,0,0,0,0,0
0,0,0,0,0,0,0,0,0,0,2,28,64,70,78,69,49,16,2,0,0,0,0,0,0,0,0,0
0,0,0,0,0,0,0,0,0,0,2,33,74,72,78,75,41,9,2,0,0,0,0,0,0,0,0,0
0,0,0,0,0,0,0,0,0,0,2,26,63,91,54,83,44,14,1,0,0,0,0,0,0,0,0,0
0,0,0,0,0,0,0,0,0,0,2,30,63,66,78,85,41,15,1,0,0,0,0,0,0,0,0,0
0,0,0,0,0,0,0,0,0,0,0,15,87,76,88,68,36,11,2,0,0,0,0,0,0,0,0,0
0,0,0,0,0,0,0,0,0,0,5,40,80,53,78,82,37,8,1,0,0,0,0,0,0,0,0,0
0,0,0,0,0,0,0,0,0,0,0,27,61,83,73,80,50,8,0,0,0,0,0,0,0,0,0,0
0,0,0,0,0,0,0,0,0,0,2,31,78,72,77,75,38,12,0,0,0,0,0,0,0,0,0,0
0,0,0,0,0,0,0,0,0,0,1,32,67,78,81,78,41,9,0,0,0,0,0,0,0,0,0,0
0,0,0,0,0,0,0,0,0,0,0,33,80,74,72,80,38,7,0,0,0,0,0,0,0,0,0,0
0,0,0,0,0,0,0,0,0,0,3,43,70,71,70,80,34,13,1,0,0,0,0,0,0,0,0,0
0,0,0,0,0,0,0,0,0,0,3,36,72,68,65,79,52,8,1,0,0,0,0,0,0,0,0,0
0,0,0,0,0,0,0,0,0,0,1,29,73,70,86,67,49,6,1,0,0,0,0,0,0,0,0,0
0,0,0,0,0,0,0,0,0,0,0,21,59,86,70,81,41,16,3,0,0,0,0,0,0,0,0,0
0,0,0,0,0,0,0,0,0,0,0,36,61,54,73,99,49,8,1,0,0,0,0,0,0,0,0,0
0,0,0,0,0,0,0,0,0,0,1,35,66,76,79,79,43,6,1,0,0,0,0,0,0,0,0,0
0,0,0,0,0,0,0,0,0,0,2,32,55,66,82,78,49,15,3,0,0,0,0,0,0,0,0,0
0,0,0,0,0,0,0,0,0,0,1,28,73,65,67,80,50,12,2,0,0,0,0,0,0,0,0,0
0,0,0,0,0,0,0,0,0,0,0,27,68,51,84,86,55,11,0,0,0,0,0,0,0,0,0,0
0,0,0,0,0,0,0,0,0,0,4,36,61,78,77,69,48,9,0,0,0,0,0,0,0,0,0,0
0,0,0,0,0,0,0,0,0,0,0,34,66,85,75,66,46,13,0,0,0,0,0,0,0,0,0,0
0,0,0,0,0,0,0,0,0,0,2,37,78,73,75,79,32,8,1,0,0,0,0,0,0,0,0,0
0,0,0,0,0,0,0,0,0,0,0,44,68,69,74,75,50,8,0,0,0,0,0,0,0,0,0,0
0,0,0,0,0,0,0,0,0,0,1,42,68,75,97,68,32,7,1,0,0,0,0,0,0,0,0,0
0,0,0,0,0,0,0,0,0,0,0,18,80,78,68,60,54,18,2,0,0,0,0,0,0,0,0,0
0,0,0,0,0,0,0,0,0,0,3,34,74,84,62,73,42,8,4,0,0,0,0,0,0,0,0,0
0,0,0,0,0,0,0,0,0,0,0,26,76,77,87,65,40,13,0,0,0,0,0,0,0,0,0,0
0,0,0,0,0,0,0,0,0,0,0,32,65,86,65,72,46,13,2,0,0,0,0,0,0,0,0,0
0,0,0,0,0,0,0,0,0,0,2,30,86,73,53,69,50,20,0,0,0,0,0,0,0,0,0,0
0,0,0,0,0,0,0,0,0,0,4,35,52,78,73,77,44,14,1,0,0,0,0,0,0,0,0,0
0,0,0,0,0,0,0,0,0,0,5,34,65,67,77,86,51,2,3,0,0,0,0,0,0,0,0,0
0,0,0,0,0,0,0,0,0,0,1,22,65,88,80,74,36,14,1,0,0,0,0,0,0,0,0,0
0,0,0,0,0,0,0,0,0,0,4,30,67,76,66,76,46,16,0,0,0,0,0,0,0,0,0,0
0,0,0,0,0,0,0,0,0,0,0,21,84,72,74,74,47,6,1,0,0,0,0,0,0,0,0,0
0,0,0,0,0,0,0,0,0,0,1,28,66,87,75,85,37,7,1,0,0,0,0,0,0,0,0,0
0,0,0,0,0,0,0,0,0,0,3,35,70,64,77,91,41,5,0,0,0,0,0,0,0,0,0,0
0,0,0,0,0,0,0,0,0,0,4,29,62,70,71,74,55,10,3,0,0,0,0,0,0,0,0,0
0,0,0,0,0,0,0,0,0,0,1,25,72,73,69,82,49,13,0,0,0,0,0,0,0,0,0,0
0,0,0,0,0,0,0,0,0,0,1,22,62,80,78,78,38,21,0,0,0,0,0,0,0,0,0,0
0,0,0,0,0,0,0,0,0,0,5,43,69,73,72,85,35,5,2,0,0,0,0,0,0,0,0,0
0,0,0,0,0,0,0,0,0,0,1,28,77,66,89,72,42,6,0,0,0,0,0,0,0,0,0,0
0,0,0,0,0,0,0,0,0,0,2,35,58,76,82,68,46,11,0,0,0,0,0,0,0,0,0,0
0,0,0,0,0,0,0,0,0,0,0,36,78,71,77,75,39,8,1,0,0,0,0,0,0,0,0,0
0,0,0,0,0,0,0,0,0,0,2,48,89,64,70,69,44,6,0,0,0,0,0,0,0,0,0,0
0,0,0,0,0,0,0,0,0,0,1,46,60,70,91,69,30,10,3,0,0,0,0,0,0,0,0,0
0,0,0,0,0,0,0,0,0,0,3,32,76,63,74,87,43,7,1,0,0,0,0,0,0,0,0,0
0,0,0,0,0,0,0,0,0,0,1,21,59,82,74,84,43,10,1,0,0,0,0,0,0,0,0,0
0,0,0,0,0,0,0,0,0,0,1,29,80,71,58,81,57,8,1,0,0,0,0,0,0,0,0,0
0,0,0,0,0,0,0,0,0,0,4,34,64,73,79,75,41,9,1,0,0,0,0,0,0,0,0,0
0,0,0,0,0,0,0,0,0,0,1,29,81,79,76,85,35,6,0,0,0,0,0,0,0,0,0,0
0,0,0,0,0,0,0,0,0,0,1,26,72,74,73,83,45,10,0,0,0,0,0,0,0,0,0,0
0,0,0,0,0,0,0,0,0,0,3,26,72,81,86,69,40,10,0,0,0,0,0,0,0,0,0,0
0,0,0,0,0,0,0,0,0,0,6,33,62,81,74,76,51,5,2,0,0,0,0,0,0,0,0,0
0,0,0,0,0,0,0,0,0,0,2,31,66,82,74,69,50,9,1,0,0,0,0,0,0,0,0,0
0,0,0,0,0,0,0,0,0,0,0,38,71,74,70,79,42,9,2,0,0,0,0,0,0,0,0,0
0,0,0,0,0,0,0,0,0,0,4,34,72,77,77,71,34,12,1,0,0,0,0,0,0,0,0,0
0,0,0,0,0,0,0,0,0,0,1,24,68,72,61,84,59,10,1,0,0,0,0,0,0,0,0,0
0,0,0,0,0,0,0,0,0,0,3,27,75,69,77,82,37,10,3,0,0,0,0,0,0,0,0,0
0,0,0,0,0,0,0,0,0,0,2,34,80,94,68,68,31,11,1,0,0,0,0,0,0,0,0,0
0,0,0,0,0,0,0,0,0,0,1,25,69,81,80,63,45,14,0,0,0,0,0,0,0,0,0,0
0,0,0,0,0,0,0,0,0,0,0,33,57,86,68,71,47,14,3,0,0,0,0,0,0,0,0,0
0,0,0,0,0,0,0,0,0,0,0,29,73,84,64,75,48,11,1,0,0,0,0,0,0,0,0,0
0,0,0,0,0,0,0,0,0,0,2,27,62,65,78,93,39,16,0,0,0,0,0,0,0,0,0,0
0,0,0,0,0,0,0,0,0,0,0,31,62,93,63,82,47,7,0,0,0,0,0,0,0,0,0,0
0,0,0,0,0,0,0,0,0,0,2,27,70,69,75,94,37,12,0,0,0,0,0,0,0,0,0,0
0,0,0,0,0,0,0,0,0,0,0,36,84,63,69,82,42,9,0,0,0,0,0,0,0,0,0,0
0,0,0,0,0,0,0,0,0,0,2,33,65,84,82,62,45,8,2,1,0,0,0,0,0,0,0,0
0,0,0,0,0,0,0,0,0,0,0,36,63,81,73,60,54,15,0,0,0,0,0,0,0,0,0,0
0,0,0,0,0,0,0,0,0,0,2,27,71,70,76,72,45,17,2,0,0,0,0,0,0,0,0,0
0,0,0,0,0,0,0,0,0,0,2,37,74,62,83,84,35,7,2,0,0,0,0,0,0,0,0,0
0,0,0,0,0,0,0,0,0,0,3,33,54,81,80,69,46,14,1,0,0,0,0,0,0,0,0,0
0,0,0,0,0,0,0,0,0,0,6,34,64,70,69,77,57,6,1,0,0,0,0,0,0,0,0,0
0,0,0,0,0,0,0,0,0,0,1,42,76,76,77,74,37,8,0,0,0,0,0,0,0,0,0,0
0,0,0,0,0,0,0,0,0,0,3,27,70,81,91,58,40,6,4,0,0,0,0,0,0,0,0,0
0,0,0,0,0,0,0,0,0,0,2,35,65,85,78,66,35,17,1,0,0,0,0,0,0,0,0,0
0,0,0,0,0,0,0,0,0,0,3,42,74,80,76,74,30,11,0,0,0,0,0,0,0,0,0,0
0,0,0,0,0,0,0,0,0,0,5,31,78,63,81,75,40,8,2,0,0,0,0,0,0,0,0,0
0,0,0,0,0,0,0,0,0,0,2,40,83,74,70,79,34,7,0,0,0,0,0,0,0,0,0,0
0,0,0,0,0,0,0,0,0,0,1,41,79,76,79,69,41,5,0,0,0,0,0,0,0,0,0,0
0,0,0,0,0,0,0,0,0,0,1,32,60,73,79,75,51,9,1,0,0,0,0,0,0,0,0,0
0,0,0,0,0,0,0,0,0,0,1,29,88,72,70,78,43,6,0,0,0,0,0,0,0,0,0,0
0,0,0,0,0,0,0,0,0,0,2,35,58,76,80,68,39,19,3,0,0,0,0,0,0,0,0,0
0,0,0,0,0,0,0,0,0,0,2,38,63,73,71,78,52,7,0,0,0,0,0,0,0,0,0,0
0,0,0,0,0,0,0,0,0,0,2,27,70,103,64,63,49,8,0,0,0,0,0,0,0,0,0,0
0,0,0,0,0,0,0,0,0,0,2,34,62,77,82,68,40,18,1,0,0,0,0,0,0,0,0,0
0,0,0,0,0,0,0,0,0,0,1,34,60,64,81,88,40,7,1,0,0,0,0,0,0,0,0,0
0,0,0,0,0,0,0,0,0,0,2,30,59,70,74,81,45,13,1,0,0,0,0,0,0,0,0,0
0,0,0,0,0,0,0,0,0,0,4,46,73,73,60,75,46,6,2,0,0,0,0,0,0,0,0,0
0,0,0,0,0,0,0,0,0,0,1,31,71,80,77,65,50,6,2,0,0,0,0,0,0,0,0,0
0,0,0,0,0,0,0,0,0,0,1,35,73,80,75,75,37,8,0,0,0,0,0,0,0,0,0,0
0,0,0,0,0,0,0,0,0,0,5,34,72,70,70,67,57,8,2,0,0,0,0,0,0,0,0,0
0,0,0,0,0,0,0,0,0,0,1,31,80,82,61,69,45,12,2,0,0,0,0,0,0,0,0,0
0,0,0,0,0,0,0,0,0,0,2,31,67,78,72,74,43,11,1,0,0,0,0,0,0,0,0,0
0,0,0,0,0,0,0,0,0,0,0,25,71,77,86,69,47,7,0,0,0,0,0,0,0,0,0,0
0,0,0,0,0,0,0,0,0,0,3,31,74,89,70,70,47,7,0,0,0,0,0,0,0,0,0,0
0,0,0,0,0,0,0,0,0,0,2,26,59,76,64,85,58,10,0,0,0,0,0,0,0,0,0,0
0,0,0,0,0,0,0,0,0,0,1,32,68,84,67,74,43,15,1,0,0,0,0,0,0,0,0,0
0,0,0,0,0,0,0,0,0,0,0,35,69,69,89,72,43,9,0,0,0,0,0,0,0,0,0,0
0,0,0,0,0,0,0,0,0,0,0,24,72,87,58,78,49,7,1,0,0,0,0,0,0,0,0,0
0,0,0,0,0,0,0,0,0,0,3,27,65,61,71,95,49,12,2,0,0,0,0,0,0,0,0,0
0,0,0,0,0,0,0,0,0,0,2,35,79,76,67,81,39,9,1,0,0,0,0,0,0,0,0,0
0,0,0,0,0,0,0,0,0,0,2,32,78,54,68,76,54,13,2,0,0,0,0,0,0,0,0,0
0,0,0,0,0,0,0,0,0,0,1,28,78,74,80,84,35,9,0,0,0,0,0,0,0,0,0,0
0,0,0,0,0,0,0,0,0,0,2,39,78,82,59,84,33,10,0,0,0,0,0,0,0,0,0,0
0,0,0,0,0,0,0,0,0,0,2,34,69,65,71,86,44,8,4,0,0,0,0,0,0,0,0,0
0,0,0,0,0,0,0,0,0,0,4,40,79,67,74,75,38,8,0,0,0,0,0,0,0,0,0,0
0,0,0,0,0,0,0,0,0,0,2,30,60,73,74,87,48,7,1,0,0,0,0,0,0,0,0,0
0,0,0,0,0,0,0,0,0,0,2,32,91,73,69,70,35,12,2,0,0,0,0,0,0,0,0,0
0,0,0,0,0,0,0,0,0,0,0,34,71,80,60,82,36,16,2,0,0,0,0,0,0,0,0,0
0,0,0,0,0,0,0,0,0,0,0,17,61,75,76,85,52,9,1,0,0,0,0,0,0,0,0,0
0,0,0,0,0,0,0,0,0,0,2,51,80,64,73,70,40,5,2,0,0,0,0,0,0,0,0,0
0,0,0,0,0,0,0,0,0,0,2,29,77,70,70,84,41,9,2,0,0,0,0,0,0,0,0,0
0,0,0,0,0,0,0,0,0,0,1,29,82,84,65,77,41,11,0,0,0,0,0,0,0,0,0,0
0,0,0,0,0,0,0,0,0,0,2,20,67,78,86,75,42,11,0,0,0,0,0,0,0,0,0,0
0,0,0,0,0,0,0,0,0,0,0,23,81,62,71,91,49,4,3,1,0,0,0,0,0,0,0,0
0,0,0,0,0,0,0,0,0,0,2,19,52,76,89,81,44,13,0,0,0,0,0,0,0,0,0,0
0,0,0,0,0,0,0,0,0,0,0,28,67,80,67,76,51,12,1,0,0,0,0,0,0,0,0,0
0,0,0,0,0,0,0,0,0,0,6,35,79,63,93,81,24,8,1,0,0,0,0,0,0,0,0,0
0,0,0,0,0,0,0,0,0,0,2,23,80,86,68,63,49,13,1,0,0,0,0,0,0,0,0,0
0,0,0,0,0,0,0,0,0,0,4,35,79,70,89,62,44,8,0,0,0,0,0,0,0,0,0,0
0,0,0,0,0,0,0,0,0,0,2,28,68,81,77,65,54,9,0,0,0,0,0,0,0,0,0,0
0,0,0,0,0,0,0,0,0,0,1,37,79,72,54,86,44,12,0,0,0,0,0,0,0,0,0,0
0,0,0,0,0,0,0,0,0,0,1,21,90,75,70,75,42,8,1,0,0,0,0,0,0,0,0,0
0,0,0,0,0,0,0,0,0,0,4,24,73,76,66,82,50,7,2,0,0,0,0,0,0,0,0,0
0,0,0,0,0,0,0,0,0,0,1,26,70,61,87,92,37,8,1,0,0,0,0,0,0,0,0,0
0,0,0,0,0,0,0,0,0,0,1,30,75,67,59,70,60,17,3,0,0,0,0,0,0,0,0,0
0,0,0,0,0,0,0,0,0,0,0,30,74,83,60,64,56,12,2,0,0,0,0,0,0,0,0,0
0,0,0,0,0,0,0,0,0,0,4,31,75,73,81,60,45,13,0,0,0,0,0,0,0,0,0,0
0,0,0,0,0,0,0,0,0,0,1,28,70,77,58,76,52,18,0,0,0,0,0,0,0,0,0,0
0,0,0,0,0,0,0,0,0,0,2,27,67,79,75,75,48,4,3,0,0,0,0,0,0,0,0,0
0,0,0,0,0,0,0,0,0,0,1,28,67,76,62,85,44,18,1,0,0,0,0,0,0,0,0,0
0,0,0,0,0,0,0,0,0,0,4,32,81,65,82,60,47,12,1,0,0,0,0,0,0,0,0,0
0,0,0,0,0,0,0,0,0,0,2,20,65,84,66,72,57,9,2,0,0,0,0,0,0,0,0,0
0,0,0,0,0,0,0,0,0,0,1,39,75,62,69,84,40,11,0,0,0,0,0,0,0,0,0,0
0,0,0,0,0,0,0,0,0,0,2,52,59,70,78,75,42,9,1,0,0,0,0,0,0,0,0,0
0,0,0,0,0,0,0,0,0,0,0,35,75,70,72,72,44,12,1,0,0,0,0,0,0,0,0,0
0,0,0,0,0,0,0,0,0,0,2,26,75,73,77,79,39,11,2,0,0,0,0,0,0,0,0,0
0,0,0,0,0,0,0,0,0,0,1,25,74,76,54,85,55,13,1,0,0,0,0,0,0,0,0,0
0,0,0,0,0,0,0,0,0,0,2,29,69,87,64,73,45,12,0,0,0,0,0,0,0,0,0,0
0,0,0,0,0,0,0,0,0,0,1,33,63,89,68,76,36,15,2,0,0,0,0,0,0,0,0,0
0,0,0,0,0,0,0,0,0,0,1,29,75,74,76,72,48,11,1,0,0,0,0,0,0,0,0,0
0,0,0,0,0,0,0,0,0,0,4,20,74,78,76,79,50,8,1,0,0,0,0,0,0,0,0,0
0,0,0,0,0,0,0,0,0,0,0,30,59,71,93,70,40,12,2,0,0,0,0,0,0,0,0,0
0,0,0,0,0,0,0,0,0,0,3,26,72,79,65,75,52,8,0,0,0,0,0,0,0,0,0,0
0,0,0,0,0,0,0,0,0,0,3,30,74,77,68,76,46,10,0,0,0,0,0,0,0,0,0,0
0,0,0,0,0,0,0,0,0,0,1,26,76,77,69,84,41,12,1,0,0,0,0,0,0,0,0,0
0,0,0,0,0,0,0,0,0,0,2,25,72,75,69,78,45,12,1,0,0,0,0,0,0,0,0,0
0,0,0,0,0,0,0,0,0,0,8,45,62,78,75,71,40,10,0,0,0,0,0,0,0,0,0,0
0,0,0,0,0,0,0,0,0,0,0,27,60,82,74,82,36,18,0,0,0,0,0,0,0,0,0,0
0,0,0,0,0,0,0,0,0,0,4,29,74,71,94,67,36,8,2,0,0,0,0,0,0,0,0,0
0,0,0,0,0,0,0,0,0,0,4,43,57,73,62,78,47,17,1,0,0,0,0,0,0,0,0,0
0,0,0,0,0,0,0,0,0,0,0,38,62,67,84,72,46,11,1,0,0,0,0,0,0,0,0,0
0,0,0,0,0,0,0,0,0,0,1,37,81,64,77,73,41,9,3,0,0,0,0,0,0,0,0,0
0,0,0,0,0,0,0,0,0,0,1,24,64,75,86,78,44,8,0,0,0,0,0,0,0,0,0,0
0,0,0,0,0,0,0,0,0,0,1,34,79,76,70,72,34,15,1,0,0,0,0,0,0,0,0,0
0,0,0,0,0,0,0,0,0,0,2,29,71,93,63,79,39,9,0,0,0,0,0,0,0,0,0,0
0,0,0,0,0,0,0,0,0,0,4,27,73,77,70,82,43,10,1,0,0,0,0,0,0,0,0,0
0,0,0,0,0,0,0,0,0,0,4,33,68,82,62,87,41,9,0,0,0,0,0,0,0,0,0,0
0,0,0,0,0,0,0,0,0,0,6,26,64,89,77,72,30,16,3,0,0,0,0,0,0,0,0,0
0,0,0,0,0,0,0,0,0,0,3,27,60,83,78,68,49,12,1,0,0,0,0,0,0,0,0,0
0,0,0,0,0,0,0,0,0,0,7,27,83,65,82,63,46,11,1,0,0,0,0,0,0,0,0,0
0,0,0,0,0,0,0,0,0,0,3,32,82,62,77,79,37,13,1,0,0,0,0,0,0,0,0,0
0,0,0,0,0,0,0,0,0,0,1,38,71,83,79,64,46,10,1,0,0,0,0,0,0,0,0,0
0,0,0,0,0,0,0,0,0,0,1,24,63,91,69,74,45,10,4,0,0,0,0,0,0,0,0,0
0,0,0,0,0,0,0,0,0,0,2,26,67,79,75,77,46,10,0,0,0,0,0,0,0,0,0,0
0,0,0,0,0,0,0,0,0,0,3,31,57,90,73,75,45,7,0,0,0,0,0,0,0,0,0,0
0,0,0,0,0,0,0,0,0,0,4,26,75,81,78,63,45,10,1,0,0,0,0,0,0,0,0,0
0,0,0,0,0,0,0,0,0,0,2,32,83,82,75,70,37,9,1,0,0,0,0,0,0,0,0,0
0,0,0,0,0,0,0,0,0,0,1,39,70,90,61,84,27,14,0,0,0,0,0,0,0,0,0,0
0,0,0,0,0,0,0,0,0,0,3,29,60,82,69,92,42,9,1,0,0,0,0,0,0,0,0,0
0,0,0,0,0,0,0,0,0,0,2,30,64,80,70,72,41,12,6,0,0,0,0,0,0,0,0,0
0,0,0,0,0,0,0,0,0,0,5,32,76,66,73,82,49,5,0,0,0,0,0,0,0,0,0,0
0,0,0,0,0,0,0,0,0,0,0,32,83,60,74,86,47,7,0,0,0,0,0,0,0,0,0,0
0,0,0,0,0,0,0,0,0,0,0,31,74,67,71,70,50,16,2,0,0,0,0,0,0,0,0,0
0,0,0,0,0,0,0,0,0,0,0,31,76,86,58,81,41,9,0,0,0,0,0,0,0,0,0,0
0,0,0,0,0,0,0,0,0,0,1,26,63,88,63,76,46,16,1,0,0,0,0,0,0,0,0,0
0,0,0,0,0,0,0,0,0,0,4,31,70,82,68,80,41,15,0,0,0,0,0,0,0,0,0,0
0,0,0,0,0,0,0,0,0,0,1,27,86,70,61,74,50,10,2,0,0,0,0,0,0,0,0,0
0,0,0,0,0,0,0,0,0,0,2,37,67,66,84,80,38,10,2,0,0,0,0,0,0,0,0,0
0,0,0,0,0,0,0,0,0,0,1,28,84,65,63,79,47,14,0,0,0,0,0,0,0,0,0,0
0,0,0,0,0,0,0,0,0,0,4,21,57,87,63,82,54,11,0,0,0,0,0,0,0,0,0,0
0,0,0,0,0,0,0,0,0,0,2,30,61,62,88,93,39,7,0,0,0,0,0,0,0,0,0,0
0,0,0,0,0,0,0,0,0,0,1,27,64,65,64,89,63,10,0,0,0,0,0,0,0,0,0,0
0,0,0,0,0,0,0,0,0,0,1,42,69,77,78,57,43,18,0,0,0,0,0,0,0,0,0,0
0,0,0,0,0,0,0,0,0,0,0,31,75,74,79,62,44,17,2,0,0,0,0,0,0,0,0,0
0,0,0,0,0,0,0,0,0,0,1,34,61,71,72,89,43,10,0,0,0,0,0,0,0,0,0,0
0,0,0,0,0,0,0,0,0,0,1,30,68,76,79,78,37,11,1,0,0,0,0,0,0,0,0,0
0,0,0,0,0,0,0,0,0,0,5,25,83,73,65,74,50,9,1,0,0,0,0,0,0,0,0,0
0,0,0,0,0,0,0,0,0,0,1,36,68,67,74,80,46,11,0,0,0,0,0,0,0,0,0,0
0,0,0,0,0,0,0,0,0,0,5,32,60,82,77,73,39,17,1,0,0,0,0,0,0,0,0,0
0,0,0,0,0,0,0,0,0,0,1,26,64,83,77,86,38,8,1,0,0,0,0,0,0,0,0,0
0,0,0,0,0,0,0,0,0,0,2,40,57,60,100,64,50,5,2,0,0,0,0,0,0,0,0,0
0,0,0,0,0,0,0,0,0,0,0,37,67,74,77,79,36,13,0,0,0,0,0,0,0,0,0,0
0,0,0,0,0,0,0,0,0,0,3,31,66,67,79,72,49,11,0,0,0,0,0,0,0,0,0,0
0,0,0,0,0,0,0,0,0,0,2,36,70,69,79,75,45,9,3,0,0,0,0,0,0,0,0,0
0,0,0,0,0,0,0,0,0,0,5,38,87,70,64,70,45,6,1,0,0,0,0,0,0,0,0,0
0,0,0,0,0,0,0,0,0,0,0,36,75,64,83,77,42,9,1,0,0,0,0,0,0,0,0,0
0,0,0,0,0,0,0,0,0,0,1,32,64,75,84,68,46,11,1,0,0,0,0,0,0,0,0,0
0,0,0,0,0,0,0,0,0,0,2,36,75,77,60,90,43,5,0,0,0,0,0,0,0,0,0,0
0,0,0,0,0,0,0,0,0,0,9,29,66,78,77,66,45,13,0,0,0,0,0,0,0,0,0,0
0,0,0,0,0,0,0,0,0,0,1,29,71,89,75,70,40,10,0,0,0,0,0,0,0,0,0,0
0,0,0,0,0,0,0,0,0,0,5,30,61,63,68,79,50,19,3,0,0,0,0,0,0,0,0,0
0,0,0,0,0,0,0,0,0,0,3,32,71,82,75,71,44,7,1,0,0,0,0,0,0,0,0,0
0,0,0,0,0,0,0,0,0,0,2,29,64,77,72,66,55,11,2,0,0,0,0,0,0,0,0,0
0,0,0,0,0,0,0,0,0,0,4,42,63,63,70,83,49,9,2,0,0,0,0,0,0,0,0,0
0,0,0,0,0,0,0,0,0,0,3,29,73,80,73,78,38,9,1,0,0,0,0,0,0,0,0,0
0,0,0,0,0,0,0,0,0,0,1,20,77,74,83,71,36,16,1,0,0,0,0,0,0,0,0,0
0,0,0,0,0,0,0,0,0,0,2,26,61,84,73,73,53,9,1,0,0,0,0,0,0,0,0,0
0,0,0,0,0,0,0,0,0,0,0,29,81,77,83,73,36,8,1,0,0,0,0,0,0,0,0,0
0,0,0,0,0,0,0,0,0,0,0,24,53,70,90,74,49,17,1,0,0,0,0,0,0,0,0,0
0,0,0,0,0,0,0,0,0,0,1,20,69,84,80,73,48,8,1,0,0,0,0,0,0,0,0,0
0,0,0,0,0,0,0,0,0,0,1,19,64,74,79,77,55,12,0,0,0,0,0,0,0,0,0,0
0,0,0,0,0,0,0,0,0,0,2,35,71,81,70,77,36,14,1,0,0,0,0,0,0,0,0,0
0,0,0,0,0,0,0,0,0,0,2,28,75,86,50,77,53,11,4,0,0,0,0,0,0,0,0,0
0,0,0,0,0,0,0,0,0,0,1,38,91,72,64,71,49,4,0,0,0,0,0,0,0,0,0,0
0,0,0,0,0,0,0,0,0,0,0,23,62,82,68,76,50,16,1,0,0,0,0,0,0,0,0,0
0,0,0,0,0,0,0,0,0,0,1,36,82,72,61,85,42,10,0,0,0,0,0,0,0,0,0,0
0,0,0,0,0,0,0,0,0,0,7,24,67,84,70,68,49,13,2,0,0,0,0,0,0,0,0,0
0,0,0,0,0,0,0,0,0,0,2,27,64,76,81,72,45,14,2,0,0,0,0,0,0,0,0,0
0,0,0,0,0,0,0,0,0,0,1,25,84,71,75,63,48,13,1,0,0,0,0,0,0,0,0,0
0,0,0,0,0,0,0,0,0,0,2,40,79,93,83,63,25,6,0,0,0,0,0,0,0,0,0,0
0,0,0,0,0,0,0,0,0,0,1,27,83,68,75,72,44,11,4,0,0,0,0,0,0,0,0,0
0,0,0,0,0,0,0,0,0,0,0,28,58,74,84,65,55,12,2,0,0,0,0,0,0,0,0,0
0,0,0,0,0,0,0,0,0,0,3,38,71,81,75,63,45,9,0,0,0,0,0,0,0,0,0,0
0,0,0,0,0,0,0,0,0,0,1,35,73,63,82,80,42,7,2,0,0,0,0,0,0,0,0,0
0,0,0,0,0,0,0,0,0,0,0,45,82,72,71,73,39,8,1,0,0,0,0,0,0,0,0,0
0,0,0,0,0,0,0,0,0,0,0,27,74,71,78,68,54,7,1,0,0,0,0,0,0,0,0,0
0,0,0,0,0,0,0,0,0,0,1,34,64,70,73,84,46,8,4,0,0,0,0,0,0,0,0,0
0,0,0,0,0,0,0,0,0,0,3,35,68,65,90,76,40,6,2,0,0,0,0,0,0,0,0,0
0,0,0,0,0,0,0,0,0,0,2,24,77,96,56,82,41,7,1,0,0,0,0,0,0,0,0,0
0,0,0,0,0,0,0,0,0,0,2,30,58,59,70,83,61,16,1,0,0,0,0,0,0,0,0,0
0,0,0,0,0,0,0,0,0,0,2,36,76,82,63,77,32,13,1,0,0,0,0,0,0,0,0,0
0,0,0,0,0,0,0,0,0,0,2,28,77,84,79,76,28,9,1,0,0,0,0,0,0,0,0,0
0,0,0,0,0,0,0,0,0,0,2,25,68,86,77,78,43,5,3,0,0,0,0,0,0,0,0,0
0,0,0,0,0,0,0,0,0,0,0,35,70,74,76,72,43,14,0,0,0,0,0,0,0,0,0,0
0,0,0,0,0,0,0,0,0,0,4,31,85,71,72,56,52,14,0,0,0,0,0,0,0,0,0,0
0,0,0,0,0,0,0,0,0,0,1,32,82,85,75,77,28,8,0,0,0,0,0,0,0,0,0,0
0,0,0,0,0,0,0,0,0,0,3,28,80,68,71,76,46,8,1,0,0,0,0,0,0,0,0,0
0,0,0,0,0,0,0,0,0,0,2,35,75,69,77,75,42,10,0,0,0,0,0,0,0,0,0,0
0,0,0,0,0,0,0,0,0,0,1,40,74,79,64,76,48,4,1,0,0,0,0,0,0,0,0,0
0,0,0,0,0,0,0,0,0,0,1,31,81,94,78,50,35,13,1,0,0,0,0,0,0,0,0,0
0,0,0,0,0,0,0,0,0,0,1,24,78,78,72,81,33,16,0,0,0,0,0,0,0,0,0,0
0,0,0,0,0,0,0,0,0,0,2,28,56,59,85,73,60,9,3,0,0,0,0,0,0,0,0,0
0,0,0,0,0,0,0,0,0,0,1,37,64,83,79,80,40,8,1,0,0,0,0,0,0,0,0,0
0,0,0,0,0,0,0,0,0,0,0,24,74,61,93,73,45,14,1,0,0,0,0,0,0,0,0,0
0,0,0,0,0,0,0,0,0,0,2,32,70,89,55,75,52,11,1,0,0,0,0,0,0,0,0,0
0,0,0,0,0,0,0,0,0,0,1,30,80,61,77,65,53,12,0,0,0,0,0,0,0,0,0,0
0,0,0,0,0,0,0,0,0,0,2,27,59,77,85,82,46,6,0,0,0,0,0,0,0,0,0,0
0,0,0,0,0,0,0,0,0,0,1,29,61,68,68,75,62,11,1,0,0,0,0,0,0,0,0,0
0,0,0,0,0,0,0,0,0,0,0,32,68,65,99,72,34,14,1,0,0,0,0,0,0,0,0,0
0,0,0,0,0,0,0,0,0,0,0,46,65,78,92,69,36,3,2,0,0,0,0,0,0,0,0,0
0,0,0,0,0,0,0,0,0,0,1,32,62,62,78,85,44,14,1,0,0,0,0,0,0,0,0,0
0,0,0,0,0,0,0,0,0,0,4,28,73,83,65,77,50,7,0,0,0,0,0,0,0,0,0,0
0,0,0,0,0,0,0,0,0,0,2,31,81,72,79,67,36,15,1,0,0,0,0,0,0,0,0,0
0,0,0,0,0,0,0,0,0,0,4,32,78,63,85,66,41,13,1,0,0,0,0,0,0,0,0,0
0,0,0,0,0,0,0,0,0,0,0,28,78,65,82,80,46,8,0,0,0,0,0,0,0,0,0,0
0,0,0,0,0,0,0,0,0,0,4,29,87,72,64,67,54,5,1,0,0,0,0,0,0,0,0,0
0,0,0,0,0,0,0,0,0,0,4,33,78,79,72,78,33,11,0,0,0,0,0,0,0,0,0,0
0,0,0,0,0,0,0,0,0,0,3,31,86,61,86,68,44,6,0,0,0,0,0,0,0,0,0,0
0,0,0,0,0,0,0,0,0,0,2,31,66,100,69,70,36,9,0,1,0,0,0,0,0,0,0,0
0,0,0,0,0,0,0,0,0,0,1,31,64,63,67,92,47,13,2,0,0,0,0,0,0,0,0,0
0,0,0,0,0,0,0,0,0,0,3,37,73,69,60,82,46,16,0,0,0,0,0,0,0,0,0,0
0,0,0,0,0,0,0,0,0,0,0,28,72,78,71,64,50,13,5,0,0,0,0,0,0,0,0,0
0,0,0,0,0,0,0,0,0,0,4,30,66,76,74,69,49,11,1,0,0,0,0,0,0,0,0,0
0,0,0,0,0,0,0,0,0,0,1,27,66,81,66,86,44,10,2,0,0,0,0,0,0,0,0,0
0,0,0,0,0,0,0,0,0,0,2,33,69,71,82,76,46,10,0,0,0,0,0,0,0,0,0,0
0,0,0,0,0,0,0,0,0,0,1,28,62,73,73,85,42,13,0,0,0,0,0,0,0,0,0,0
0,0,0,0,0,0,0,0,0,0,0,29,69,67,78,81,42,14,2,0,0,0,0,0,0,0,0,0
0,0,0,0,0,0,0,0,0,0,0,34,83,66,71,64,60,7,0,0,0,0,0,0,0,0,0,0
0,0,0,0,0,0,0,0,0,0,4,24,81,75,66,75,48,11,2,0,0,0,0,0,0,0,0,0
0,0,0,0,0,0,0,0,0,0,0,34,74,71,73,85,40,8,0,0,0,0,0,0,0,0,0,0
0,0,0,0,0,0,0,0,0,0,2,23,85,87,67,68,44,11,0,0,0,0,0,0,0,0,0,0
0,0,0,0,0,0,0,0,0,0,0,38,70,73,84,76,39,6,1,0,0,0,0,0,0,0,0,0
0,0,0,0,0,0,0,0,0,0,3,40,75,86,65,61,47,12,0,0,0,0,0,0,0,0,0,0
0,0,0,0,0,0,0,0,0,0,3,26,79,51,93,76,49,8,0,0,0,0,0,0,0,0,0,0
0,0,0,0,0,0,0,0,0,0,2,41,77,77,73,58,48,11,2,0,0,0,0,0,0,0,0,0
0,0,0,0,0,0,0,0,0,0,1,29,79,79,77,72,29,17,1,0,0,0,0,0,0,0,0,0
0,0,0,0,0,0,0,0,0,0,2,36,58,81,66,82,38,12,3,0,0,0,0,0,0,0,0,0
0,0,0,0,0,0,0,0,0,0,1,33,68,69,76,75,51,10,0,0,0,0,0,0,0,0,0,0
0,0,0,0,0,0,0,0,0,0,2,35,67,70,74,86,43,8,1,0,0,0,0,0,0,0,0,0
0,0,0,0,0,0,0,0,0,0,5,28,67,90,66,71,41,11,1,0,0,0,0,0,0,0,0,0
0,0,0,0,0,0,0,0,0,0,3,38,74,84,62,87,37,6,1,0,0,0,0,0,0,0,0,0
0,0,0,0,0,0,0,0,0,0,3,40,76,66,73,79,46,5,0,0,0,0,0,0,0,0,0,0
0,0,0,0,0,0,0,0,0,0,4,35,87,69,62,69,48,10,0,0,0,0,0,0,0,0,0,0
0,0,0,0,0,0,0,0,0,0,2,27,71,66,93,76,34,9,0,0,0,0,0,0,0,0,0,0
0,0,0,0,0,0,0,0,0,0,5,22,64,80,58,81,50,16,1,0,0,0,0,0,0,0,0,0
0,0,0,0,0,0,0,0,0,0,0,34,74,60,82,82,42,10,0,0,0,0,0,0,0,0,0,0
0,0,0,0,0,0,0,0,0,0,1,22,73,72,68,83,39,16,1,0,0,0,0,0,0,0,0,0
0,0,0,0,0,0,0,0,0,0,0,32,69,76,66,78,43,15,0,0,0,0,0,0,0,0,0,0
0,0,0,0,0,0,0,0,0,0,1,32,61,74,60,82,52,13,2,0,0,0,0,0,0,0,0,0
0,0,0,0,0,0,0,0,0,0,2,19,73,74,69,80,48,13,2,0,0,0,0,0,0,0,0,0
0,0,0,0,0,0,0,0,0,0,0,26,67,65,81,97,38,9,1,0,0,0,0,0,0,0,0,0
0,0,0,0,0,0,0,0,0,0,6,36,61,76,71,81,41,10,2,0,0,0,0,0,0,0,0,0
0,0,0,0,0,0,0,0,0,0,1,35,65,71,75,84,49,4,0,0,0,0,0,0,0,0,0,0
0,0,0,0,0,0,0,0,0,0,2,42,81,63,61,87,33,14,2,0,0,0,0,0,0,0,0,0
0,0,0,0,0,0,0,0,0,0,0,33,64,81,72,82,39,11,1,0,0,0,0,0,0,0,0,0
0,0,0,0,0,0,0,0,0,0,2,31,58,72,92,78,41,6,3,0,0,0,0,0,0,0,0,0
0,0,0,0,0,0,0,0,0,0,0,21,78,72,70,93,33,13,2,0,0,0,0,0,0,0,0,0
0,0,0,0,0,0,0,0,0,0,0,33,68,68,67,83,48,14,2,0,0,0,0,0,0,0,0,0
0,0,0,0,0,0,0,0,0,0,2,35,82,66,69,74,49,8,1,0,0,0,0,0,0,0,0,0
0,0,0,0,0,0,0,0,0,0,0,27,56,82,72,73,55,14,1,0,0,0,0,0,0,0,0,0
0,0,0,0,0,0,0,0,0,0,4,33,67,77,74,67,49,14,0,0,0,0,0,0,0,0,0,0
0,0,0,0,0,0,0,0,0,0,2,28,70,81,70,58,60,11,3,0,0,0,0,0,0,0,0,0
0,0,0,0,0,0,0,0,0,0,2,31,65,69,62,79,56,10,4,0,0,0,0,0,0,0,0,0
0,0,0,0,0,0,0,0,0,0,4,29,90,72,72,77,38,4,1,0,0,0,0,0,0,0,0,0
0,0,0,0,0,0,0,0,0,0,5,24,71,81,71,70,45,15,2,0,0,0,0,0,0,0,0,0
0,0,0,0,0,0,0,0,0,0,0,37,67,83,78,74,36,7,0,0,0,0,0,0,0,0,0,0
0,0,0,0,0,0,0,0,0,0,2,31,69,66,72,85,45,14,0,0,0,0,0,0,0,0,0,0
0,0,0,0,0,0,0,0,0,0,2,38,77,86,66,70,42,6,0,0,0,0,0,0,0,0,0,0
0,0,0,0,0,0,0,0,0,0,3,35,74,69,73,71,47,9,4,0,0,0,0,0,0,0,0,0
0,0,0,0,0,0,0,0,0,0,1,38,57,90,61,88,44,6,1,0,0,0,0,0,0,0,0,0
0,0,0,0,0,0,0,0,0,0,1,22,71,84,65,71,51,14,1,0,0,0,0,0,0,0,0,0
0,0,0,0,0,0,0,0,0,0,2,26,70,86,74,82,41,5,1,0,0,0,0,0,0,0,0,0
0,0,0,0,0,0,0,0,0,0,0,27,68,79,70,76,57,4,0,0,0,0,0,0,0,0,0,0
0,0,0,0,0,0,0,0,0,0,2,35,66,81,77,72,37,14,1,0,0,0,0,0,0,0,0,0
0,0,0,0,0,0,0,0,0,0,0,37,60,75,80,81,39,12,0,1,0,0,0,0,0,0,0,0
0,0,0,0,0,0,0,0,0,0,3,37,59,77,68,76,44,15,1,0,0,0,0,0,0,0,0,0
0,0,0,0,0,0,0,0,0,0,5,33,61,82,69,87,45,5,0,0,0,0,0,0,0,0,0,0
0,0,0,0,0,0,0,0,0,0,1,26,57,79,85,79,35,13,3,0,0,0,0,0,0,0,0,0
0,0,0,0,0,0,0,0,0,0,0,23,77,57,80,97,42,5,1,0,0,0,0,0,0,0,0,0
0,0,0,0,0,0,0,0,0,0,2,30,85,68,73,65,48,12,0,0,0,0,0,0,0,0,0,0
0,0,0,0,0,0,0,0,0,0,1,44,79,71,70,67,42,7,2,0,0,0,0,0,0,0,0,0
0,0,0,0,0,0,0,0,0,0,3,34,77,69,80,77,35,7,0,0,0,0,0,0,0,0,0,0
0,0,0,0,0,0,0,0,0,0,4,34,75,54,70,83,51,7,1,0,0,0,0,0,0,0,0,0
0,0,0,0,0,0,0,0,0,0,5,29,68,77,76,78,43,12,0,0,0,0,0,0,0,0,0,0
0,0,0,0,0,0,0,0,0,0,4,34,72,74,77,73,41,10,3,0,0,0,0,0,0,0,0,0
0,0,0,0,0,0,0,0,0,0,3,36,71,71,74,65,55,10,0,0,0,0,0,0,0,0,0,0
0,0,0,0,0,0,0,0,0,0,3,37,76,67,66,73,52,9,2,0,0,0,0,0,0,0,0,0
0,0,0,0,0,0,0,0,0,0,4,29,80,78,72,79,34,12,0,0,0,0,0,0,0,0,0,0
0,0,0,0,0,0,0,0,0,0,1,39,65,76,73,79,43,6,2,0,0,0,0,0,0,0,0,0
0,0,0,0,0,0,0,0,0,0,4,35,71,86,67,72,44,7,1,0,0,0,0,0,0,0,0,0
0,0,0,0,0,0,0,0,0,0,3,38,77,72,71,82,40,5,2,0,0,0,0,0,0,0,0,0
0,0,0,0,0,0,0,0,0,0,4,23,68,84,84,70,38,16,0,0,0,0,0,0,0,0,0,0
0,0,0,0,0,0,0,0,0,0,2,38,68,76,81,51,56,11,3,0,0,0,0,0,0,0,0,0
0,0,0,0,0,0,0,0,0,0,1,36,62,84,70,64,51,12,0,0,0,0,0,0,0,0,0,0
0,0,0,0,0,0,0,0,0,0,3,43,74,59,77,76,43,11,1,0,0,0,0,0,0,0,0,0
0,0,0,0,0,0,0,0,0,0,0,22,63,80,79,82,41,13,1,0,0,0,0,0,0,0,0,0
0,0,0,0,0,0,0,0,0,0,3,22,52,93,70,71,56,13,1,0,0,0,0,0,0,0,0,0
0,0,0,0,0,0,0,0,0,0,1,25,75,87,61,83,39,11,3,0,0,0,0,0,0,0,0,0
0,0,0,0,0,0,0,0,0,0,5,33,65,72,66,87,44,9,0,0,0,0,0,0,0,0,0,0
0,0,0,0,0,0,0,0,0,0,0,31,62,80,77,75,40,12,1,0,0,0,0,0,0,0,0,0
0,0,0,0,0,0,0,0,0,0,0,36,76,83,78,66,37,8,1,0,0,0,0,0,0,0,0,0
0,0,0,0,0,0,0,0,0,0,2,37,51,68,84,79,46,8,3,0,0,0,0,0,0,0,0,0
0,0,0,0,0,0,0,0,0,0,0,30,77,69,77,85,34,9,1,0,0,0,0,0,0,0,0,0
0,0,0,0,0,0,0,0,0,0,1,29,80,60,82,84,43,4,1,0,0,0,0,0,0,0,0,0
0,0,0,0,0,0,0,0,0,0,3,35,72,58,81,77,47,10,1,0,0,0,0,0,0,0,0,0
0,0,0,0,0,0,0,0,0,0,3,35,90,79,60,71,41,8,2,0,0,0,0,0,0,0,0,0
0,0,0,0,0,0,0,0,0,0,2,29,60,88,79,73,43,8,2,0,0,0,0,0,0,0,0,0
0,0,0,0,0,0,0,0,0,0,4,38,69,72,68,84,42,8,1,0,0,0,0,0,0,0,0,0
0,0,0,0,0,0,0,0,0,0,2,27,77,82,71,68,47,7,1,0,0,0,0,0,0,0,0,0
0,0,0,0,0,0,0,0,0,0,1,28,62,62,90,76,50,12,1,0,0,0,0,0,0,0,0,0
0,0,0,0,0,0,0,0,0,0,0,31,68,77,70,74,53,11,1,0,0,0,0,0,0,0,0,0
0,0,0,0,0,0,0,0,0,0,1,30,69,72,75,77,47,11,0,0,0,0,0,0,0,0,0,0
0,0,0,0,0,0,0,0,0,0,2,25,76,74,70,62,51,22,1,0,0,0,0,0,0,0,0,0
0,0,0,0,0,0,0,0,0,0,0,29,70,69,81,75,47,10,0,0,0,0,0,0,0,0,0,0
0,0,0,0,0,0,0,0,0,0,1,32,60,73,83,64,51,13,1,0,0,0,0,0,0,0,0,0
0,0,0,0,0,0,0,0,0,0,0,27,61,76,72,78,50,14,1,0,0,0,0,0,0,0,0,0
0,0,0,0,0,0,0,0,0,0,0,23,69,64,90,64,58,11,2,0,0,0,0,0,0,0,0,0
0,0,0,0,0,0,0,0,0,0,3,31,89,79,63,64,43,12,2,0,0,0,0,0,0,0,0,0
0,0,0,0,0,0,0,0,0,0,5,29,68,79,71,61,53,15,0,0,0,0,0,0,0,0,0,0
0,0,0,0,0,0,0,0,0,0,2,28,69,69,90,64,42,9,3,0,0,0,0,0,0,0,0,0
0,0,0,0,0,0,0,0,0,0,1,44,60,79,71,78,44,8,2,0,0,0,0,0,0,0,0,0
0,0,0,0,0,0,0,0,0,0,0,30,66,69,78,78,42,14,2,0,0,0,0,0,0,0,0,0
0,0,0,0,0,0,0,0,0,0,1,35,66,74,84,81,37,10,0,0,0,0,0,0,0,0,0,0
0,0,0,0,0,0,0,0,0,0,1,21,83,81,74,74,45,6,2,0,0,0,0,0,0,0,0,0
0,0,0,0,0,0,0,0,0,0,2,27,77,73,56,80,45,16,2,0,0,0,0,0,0,0,0,0
0,0,0,0,0,0,0,0,0,0,1,27,79,73,78,71,41,15,0,0,0,0,0,0,0,0,0,0
0,0,0,0,0,0,0,0,0,0,2,15,57,82,79,81,42,17,2,0,0,0,0,0,0,0,0,0
0,0,0,0,0,0,0,0,0,0,4,31,69,70,71,76,50,10,0,0,0,0,0,0,0,0,0,0
0,0,0,0,0,0,0,0,0,0,5,29,79,76,67,74,45,9,0,0,0,0,0,0,0,0,0,0
0,0,0,0,0,0,0,0,0,0,3,24,85,71,68,85,40,10,0,0,0,0,0,0,0,0,0,0
0,0,0,0,0,0,0,0,0,0,0,25,66,59,68,75,62,19,1,0,0,0,0,0,0,0,0,0
0,0,0,0,0,0,0,0,0,0,2,24,61,82,70,81,45,11,1,0,0,0,0,0,0,0,0,0
0,0,0,0,0,0,0,0,0,0,1,37,71,70,66,92,43,9,2,0,0,0,0,0,0,0,0,0
0,0,0,0,0,0,0,0,0,0,1,26,72,75,75,81,42,12,0,0,0,0,0,0,0,0,0,0
0,0,0,0,0,0,0,0,0,0,2,37,58,73,87,71,50,5,1,0,0,0,0,0,0,0,0,0
0,0,0,0,0,0,0,0,0,0,1,38,74,78,81,61,43,9,2,0,0,0,0,0,0,0,0,0
0,0,0,0,0,0,0,0,0,0,0,25,77,69,86,61,47,14,2,0,0,0,0,0,0,0,0,0
0,0,0,0,0,0,0,0,0,0,4,25,74,87,82,62,40,7,0,0,0,0,0,0,0,0,0,0
0,0,0,0,0,0,0,0,0,0,6,32,74,84,64,68,42,15,2,0,0,0,0,0,0,0,0,0
0,0,0,0,0,0,0,0,0,0,4,50,73,62,75,71,45,9,1,0,0,0,0,0,0,0,0,0
0,0,0,0,0,0,0,0,0,0,1,32,72,65,62,70,65,11,3,0,0,0,0,0,0,0,0,0
0,0,0,0,0,0,0,0,0,0,2,29,86,64,73,83,40,10,1,0,0,0,0,0,0,0,0,0
0,0,0,0,0,0,0,0,0,0,1,34,71,57,84,85,49,5,1,0,0,0,0,0,0,0,0,0
0,0,0,0,0,0,0,0,0,0,1,33,70,71,73,76,46,8,2,0,0,0,0,0,0,0,0,0
0,0,0,0,0,0,0,0,0,0,0,23,71,82,73,64,49,17,0,0,0,0,0,0,0,0,0,0
0,0,0,0,0,0,0,0,0,0,2,24,61,80,72,74,52,13,2,0,0,0,0,0,0,0,0,0
0,0,0,0,0,0,0,0,0,0,0,21,77,73,77,65,51,17,1,0,0,0,0,0,0,0,0,0
0,0,0,0,0,0,0,0,0,0,1,31,68,66,72,85,48,12,0,0,0,0,0,0,0,0,0,0
0,0,0,0,0,0,0,0,0,0,3,42,76,71,86,70,34,8,0,0,0,0,0,0,0,0,0,0
0,0,0,0,0,0,0,0,0,0,1,31,90,65,74,68,47,8,0,0,0,0,0,0,0,0,0,0
0,0,0,0,0,0,0,0,0,0,4,43,72,78,70,68,46,5,0,0,0,0,0,0,0,0,0,0
0,0,0,0,0,0,0,0,0,0,2,40,85,62,80,73,45,5,1,0,0,0,0,0,0,0,0,0
0,0,0,0,0,0,0,0,0,0,0,30,66,86,58,80,49,10,0,0,0,0,0,0,0,0,0,0
0,0,0,0,0,0,0,0,0,0,2,38,55,82,62,74,62,7,1,0,0,0,0,0,0,0,0,0
0,0,0,0,0,0,0,0,0,0,1,41,58,77,89,60,48,8,0,0,0,0,0,0,0,0,0,0
0,0,0,0,0,0,0,0,0,0,1,31,71,64,82,68,51,10,2,0,0,0,0,0,0,0,0,0
0,0,0,0,0,0,0,0,0,0,1,35,77,90,71,69,39,8,2,0,0,0,0,0,0,0,0,0
0,0,0,0,0,0,0,0,0,0,4,30,66,84,86,64,43,11,0,0,0,0,0,0,0,0,0,0
0,0,0,0,0,0,0,0,0,0,2,38,83,76,65,68,44,10,1,0,0,0,0,0,0,0,0,0
0,0,0,0,0,0,0,0,0,0,1,27,71,66,80,80,45,8,0,0,0,0,0,0,0,0,0,0
0,0,0,0,0,0,0,0,0,0,1,24,61,74,81,76,46,16,1,0,0,0,0,0,0,0,0,0
0,0,0,0,0,0,0,0,0,0,0,43,70,69,78,88,31,7,1,0,0,0,0,0,0,0,0,0
0,0,0,0,0,0,0,0,0,0,0,29,74,95,55,87,34,9,0,0,0,0,0,0,0,0,0,0
0,0,0,0,0,0,0,0,0,0,0,39,77,73,75,74,37,6,2,0,0,0,0,0,0,0,0,0
0,0,0,0,0,0,0,0,0,0,5,36,68,71,71,79,39,11,3,0,0,0,0,0,0,0,0,0
0,0,0,0,0,0,0,0,0,0,2,36,68,66,86,76,45,5,0,1,0,0,0,0,0,0,0,0
0,0,0,0,0,0,0,0,0,0,3,25,81,80,75,68,45,8,1,0,0,0,0,0,0,0,0,0
0,0,0,0,0,0,0,0,0,0,1,27,77,71,83,62,50,13,3,0,0,0,0,0,0,0,0,0
0,0,0,0,0,0,0,0,0,0,1,37,69,77,71,66,49,14,1,0,0,0,0,0,0,0,0,0
0,0,0,0,0,0,0,0,0,0,3,18,82,78,65,71,54,11,4,0,0,0,0,0,0,0,0,0
0,0,0,0,0,0,0,0,0,0,3,39,79,73,71,68,35,10,2,0,0,0,0,0,0,0,0,0
0,0,0,0,0,0,0,0,0,0,1,20,71,71,79,68,47,14,3,0,0,0,0,0,0,0,0,0
0,0,0,0,0,0,0,0,0,0,2,40,81,66,76,73,35,15,0,0,0,0,0,0,0,0,0,0
0,0,0,0,0,0,0,0,0,0,3,41,74,81,54,65,60,7,4,0,0,0,0,0,0,0,0,0
0,0,0,0,0,0,0,0,0,0,1,24,50,86,86,69,47,13,2,0,0,0,0,0,0,0,0,0
0,0,0,0,0,0,0,0,0,0,1,29,80,68,74,68,50,12,0,0,0,0,0,0,0,0,0,0
0,0,0,0,0,0,0,0,0,0,0,21,61,69,84,80,50,10,2,0,0,0,0,0,0,0,0,0
0,0,0,0,0,0,0,0,0,0,2,24,74,69,72,80,52,10,0,0,0,0,0,0,0,0,0,0
0,0,0,0,0,0,0,0,0,0,2,30,69,65,77,72,55,10,1,0,0,0,0,0,0,0,0,0
0,0,0,0,0,0,0,0,0,0,4,34,74,78,75,79,33,11,0,0,0,0,0,0,0,0,0,0
0,0,0,0,0,0,0,0,0,0,4,25,73,103,54,67,49,9,0,0,0,0,0,0,0,0,0,0
0,0,0,0,0,0,0,0,0,0,2,36,61,89,68,82,34,9,2,0,0,0,0,0,0,0,0,0
0,0,0,0,0,0,0,0,0,0,1,25,57,74,76,88,49,8,0,0,0,0,0,0,0,0,0,0
0,0,0,0,0,0,0,0,0,0,1,44,81,69,62,84,37,10,2,0,0,0,0,0,0,0,0,0
0,0,0,0,0,0,0,0,0,0,2,32,67,75,68,77,44,11,2,0,0,0,0,0,0,0,0,0
0,0,0,0,0,0,0,0,0,0,1,36,61,76,75,82,42,9,1,0,0,0,0,0,0,0,0,0
0,0,0,0,0,0,0,0,0,0,2,31,76,65,82,71,48,7,2,0,0,0,0,0,0,0,0,0
0,0,0,0,0,0,0,0,0,0,0,24,75,75,74,68,49,15,1,0,0,0,0,0,0,0,0,0
0,0,0,0,0,0,0,0,0,0,3,37,67,83,69,62,49,9,2,0,0,0,0,0,0,0,0,0
0,0,0,0,0,0,0,0,0,0,2,24,59,83,72,77,51,12,1,0,0,0,0,0,0,0,0,0
0,0,0,0,0,0,0,0,0,0,0,28,69,62,77,87,52,5,0,0,0,0,0,0,0,0,0,0
0,0,0,0,0,0,0,0,0,0,0,31,64,82,72,84,37,13,0,0,0,0,0,0,0,0,0,0
0,0,0,0,0,0,0,0,0,0,3,29,57,72,78,79,46,14,1,0,0,0,0,0,0,0,0,0
0,0,0,0,0,0,0,0,0,0,1,25,56,74,72,88,45,16,0,0,0,0,0,0,0,0,0,0
0,0,0,0,0,0,0,0,0,0,2,30,68,84,62,72,45,17,1,0,0,0,0,0,0,0,0,0
0,0,0,0,0,0,0,0,0,0,1,33,60,81,63,85,38,12,4,0,0,0,0,0,0,0,0,0
0,0,0,0,0,0,0,0,0,0,4,38,86,70,72,80,33,7,1,0,0,0,0,0,0,0,0,0
0,0,0,0,0,0,0,0,0,0,5,32,75,75,75,77,34,12,0,0,0,0,0,0,0,0,0,0
0,0,0,0,0,0,0,0,0,0,0,33,61,81,74,74,50,6,2,0,0,0,0,0,0,0,0,0
0,0,0,0,0,0,0,0,0,0,0,28,64,75,67,83,53,10,2,0,0,0,0,0,0,0,0,0
0,0,0,0,0,0,0,0,0,0,2,45,59,86,75,60,41,12,3,0,0,0,0,0,0,0,0,0
0,0,0,0,0,0,0,0,0,0,6,28,62,82,61,76,52,12,3,0,0,0,0,0,0,0,0,0
0,0,0,0,0,0,0,0,0,0,1,35,80,79,66,75,45,7,0,0,0,0,0,0,0,0,0,0
0,0,0,0,0,0,0,0,0,0,2,23,64,71,76,87,36,19,2,0,0,0,0,0,0,0,0,0
0,0,0,0,0,0,0,0,0,0,1,31,78,74,64,69,45,17,1,0,0,0,0,0,0,0,0,0
0,0,0,0,0,0,0,0,0,0,1,28,73,73,79,64,48,13,1,0,0,0,0,0,0,0,0,0
0,0,0,0,0,0,0,0,0,0,3,39,66,81,55,82,44,8,2,0,0,0,0,0,0,0,0,0
0,0,0,0,0,0,0,0,0,0,1,28,69,80,68,77,49,8,2,0,0,0,0,0,0,0,0,0
0,0,0,0,0,0,0,0,0,0,3,30,72,70,67,90,44,8,2,1,0,0,0,0,0,0,0,0
0,0,0,0,0,0,0,0,0,0,4,21,80,75,74,64,55,11,1,0,0,0,0,0,0,0,0,0
0,0,0,0,0,0,0,0,0,0,1,30,71,88,85,67,43,4,0,0,0,0,0,0,0,0,0,0
0,0,0,0,0,0,0,0,0,0,1,21,65,85,71,80,44,11,2,0,0,0,0,0,0,0,0,0
0,0,0,0,0,0,0,0,0,0,1,29,63,85,79,70,43,12,0,0,0,0,0,0,0,0,0,0
0,0,0,0,0,0,0,0,0,0,0,37,74,74,69,69,47,11,3,0,0,0,0,0,0,0,0,0
0,0,0,0,0,0,0,0,0,0,3,36,56,68,83,76,55,7,2,0,0,0,0,0,0,0,0,0
0,0,0,0,0,0,0,0,0,0,0,27,59,97,70,62,47,17,1,0,0,0,0,0,0,0,0,0
0,0,0,0,0,0,0,0,0,0,2,23,75,80,78,72,41,7,3,0,0,0,0,0,0,0,0,0
0,0,0,0,0,0,0,0,0,0,2,33,73,81,61,70,48,11,3,0,0,0,0,0,0,0,0,0
0,0,0,0,0,0,0,0,0,0,1,23,73,74,75,74,55,10,1,0,0,0,0,0,0,0,0,0
0,0,0,0,0,0,0,0,0,0,3,37,78,73,70,71,43,12,1,0,0,0,0,0,0,0,0,0
0,0,0,0,0,0,0,0,0,0,2,37,62,71,79,80,43,11,0,0,0,0,0,0,0,0,0,0
0,0,0,0,0,0,0,0,0,0,2,30,66,75,76,63,56,10,0,0,0,0,0,0,0,0,0,0
0,0,0,0,0,0,0,0,0,0,2,43,82,73,82,81,21,5,4,0,0,0,0,0,0,0,0,0
0,0,0,0,0,0,0,0,0,0,3,27,58,101,83,68,32,11,1,0,0,0,0,0,0,0,0,0
0,0,0,0,0,0,0,0,0,0,0,25,66,63,75,91,40,13,4,0,0,0,0,0,0,0,0,0
0,0,0,0,0,0,0,0,0,0,4,20,78,76,73,76,47,6,2,0,0,0,0,0,0,0,0,0
0,0,0,0,0,0,0,0,0,0,3,35,58,72,92,62,43,14,1,0,0,0,0,0,0,0,0,0
0,0,0,0,0,0,0,0,0,0,0,27,70,76,66,80,50,9,3,0,0,0,0,0,0,0,0,0
0,0,0,0,0,0,0,0,0,0,2,33,67,74,65,82,52,8,1,0,0,0,0,0,0,0,0,0
0,0,0,0,0,0,0,0,0,0,3,38,66,80,72,86,37,7,1,0,0,0,0,0,0,0,0,0
0,0,0,0,0,0,0,0,0,0,3,38,68,98,63,69,40,12,1,0,0,0,0,0,0,0,0,0
0,0,0,0,0,0,0,0,0,0,4,26,61,68,76,94,39,14,1,0,0,0,0,0,0,0,0,0
0,0,0,0,0,0,0,0,0,0,2,27,61,81,84,64,35,24,1,0,0,0,0,0,0,0,0,0
0,0,0,0,0,0,0,0,0,0,0,23,65,81,76,80,43,13,1,0,0,0,0,0,0,0,0,0
0,0,0,0,0,0,0,0,0,0,3,34,55,65,88,85,44,6,1,0,0,0,0,0,0,0,0,0
0,0,0,0,0,0,0,0,0,0,2,34,94,72,75,62,40,7,1,0,0,0,0,0,0,0,0,0
0,0,0,0,0,0,0,0,0,0,3,38,57,78,75,77,47,10,1,0,0,0,0,0,0,0,0,0
0,0,0,0,0,0,0,0,0,0,3,31,64,70,67,83,53,11,3,0,0,0,0,0,0,0,0,0
0,0,0,0,0,0,0,0,0,0,1,22,69,81,92,68,39,13,0,0,0,0,0,0,0,0,0,0
0,0,0,0,0,0,0,0,0,0,2,28,66,86,91,66,35,7,3,0,0,0,0,0,0,0,0,0
0,0,0,0,0,0,0,0,0,0,3,31,78,74,69,71,46,9,0,0,0,0,0,0,0,0,0,0
0,0,0,0,0,0,0,0,0,0,1,28,63,99,75,72,42,8,0,0,0,0,0,0,0,0,0,0
0,0,0,0,0,0,0,0,0,0,2,19,55,80,72,84,47,14,2,0,0,0,0,0,0,0,0,0
0,0,0,0,0,0,0,0,0,0,0,33,67,71,82,73,44,12,1,0,0,0,0,0,0,0,0,0
0,0,0,0,0,0,0,0,0,0,4,32,75,92,70,70,36,8,0,0,0,0,0,0,0,0,0,0
0,0,0,0,0,0,0,0,0,0,1,30,59,79,67,92,44,9,0,0,0,0,0,0,0,0,0,0
0,0,0,0,0,0,0,0,0,0,1,37,71,86,68,71,41,6,3,0,0,0,0,0,0,0,0,0
0,0,0,0,0,0,0,0,0,0,1,39,64,86,86,61,41,8,1,0,0,0,0,0,0,0,0,0
0,0,0,0,0,0,0,0,0,0,3,39,77,67,81,67,36,13,3,0,0,0,0,0,0,0,0,0
0,0,0,0,0,0,0,0,0,0,2,36,64,96,74,63,35,15,2,0,0,0,0,0,0,0,0,0
0,0,0,0,0,0,0,0,0,0,2,26,58,83,71,90,39,13,0,0,0,0,0,0,0,0,0,0
0,0,0,0,0,0,0,0,0,0,0,28,65,74,73,82,49,10,2,0,0,0,0,0,0,0,0,0
0,0,0,0,0,0,0,0,0,0,1,30,62,72,82,77,47,12,1,0,0,0,0,0,0,0,0,0
0,0,0,0,0,0,0,0,0,0,2,38,55,87,84,68,37,16,2,0,0,0,0,0,0,0,0,0
0,0,0,0,0,0,0,0,0,0,1,30,61,84,72,82,38,14,1,0,0,0,0,0,0,0,0,0
0,0,0,0,0,0,0,0,0,0,2,31,81,82,62,74,41,9,1,0,0,0,0,0,0,0,0,0
0,0,0,0,0,0,0,0,0,0,3,33,83,71,89,74,25,10,1,0,0,0,0,0,0,0,0,0
0,0,0,0,0,0,0,0,0,0,1,27,66,82,74,68,51,13,0,0,0,0,0,0,0,0,0,0
0,0,0,0,0,0,0,0,0,0,0,35,89,72,66,68,54,4,0,0,0,0,0,0,0,0,0,0
0,0,0,0,0,0,0,0,0,0,2,37,80,77,54,69,52,14,1,0,0,0,0,0,0,0,0,0
0,0,0,0,0,0,0,0,0,0,0,32,85,74,76,64,46,8,1,0,0,0,0,0,0,0,0,0
0,0,0,0,0,0,0,0,0,0,3,34,67,78,59,74,60,8,2,0,0,0,0,0,0,0,0,0
0,0,0,0,0,0,0,0,0,0,2,28,73,63,82,77,40,10,4,0,0,0,0,0,0,0,0,0
0,0,0,0,0,0,0,0,0,0,5,32,64,55,72,87,54,10,3,0,0,0,0,0,0,0,0,0
0,0,0,0,0,0,0,0,0,0,2,35,80,72,64,66,51,11,0,0,0,0,0,0,0,0,0,0
0,0,0,0,0,0,0,0,0,0,3,30,82,89,64,65,49,5,1,0,0,0,0,0,0,0,0,0
0,0,0,0,0,0,0,0,0,0,2,29,71,72,77,77,41,13,0,0,0,0,0,0,0,0,0,0
0,0,0,0,0,0,0,0,0,0,1,34,67,76,82,73,35,14,3,0,0,0,0,0,0,0,0,0
0,0,0,0,0,0,0,0,0,0,1,28,81,66,80,77,39,7,1,0,0,0,0,0,0,0,0,0
0,0,0,0,0,0,0,0,0,0,0,26,76,76,80,74,42,9,1,0,0,0,0,0,0,0,0,0
0,0,0,0,0,0,0,0,0,0,1,31,78,84,62,75,44,10,0,0,0,0,0,0,0,0,0,0
0,0,0,0,0,0,0,0,0,0,0,23,66,78,82,65,50,12,2,0,0,0,0,0,0,0,0,0
0,0,0,0,0,0,0,0,0,0,3,36,70,78,77,72,48,4,1,0,0,0,0,0,0,0,0,0
0,0,0,0,0,0,0,0,0,0,2,30,79,60,70,83,40,13,2,0,0,0,0,0,0,0,0,0
0,0,0,0,0,0,0,0,0,0,0,28,73,68,71,73,56,10,2,0,0,0,0,0,0,0,0,0
0,0,0,0,0,0,0,0,0,0,0,38,72,77,72,78,39,10,1,0,0,0,0,0,0,0,0,0
0,0,0,0,0,0,0,0,0,0,0,44,63,69,76,67,52,10,2,0,0,0,0,0,0,0,0,0
0,0,0,0,0,0,0,0,0,0,1,38,61,79,72,76,47,10,1,0,0,0,0,0,0,0,0,0
0,0,0,0,0,0,0,0,0,0,1,35,62,71,75,77,51,11,0,0,0,0,0,0,0,0,0,0
0,0,0,0,0,0,0,0,0,0,1,28,56,81,78,84,43,4,3,0,0,0,0,0,0,0,0,0
0,0,0,0,0,0,0,0,0,0,0,32,61,71,68,79,59,10,2,0,0,0,0,0,0,0,0,0
0,0,0,0,0,0,0,0,0,0,3,36,71,78,75,71,41,5,1,0,0,0,0,0,0,0,0,0
0,0,0,0,0,0,0,0,0,0,1,35,65,67,75,92,34,6,3,0,0,0,0,0,0,0,0,0
0,0,0,0,0,0,0,0,0,0,0,37,82,69,66,70,50,6,1,0,0,0,0,0,0,0,0,0
0,0,0,0,0,0,0,0,0,0,3,28,71,71,83,77,47,6,0,0,0,0,0,0,0,0,0,0
0,0,0,0,0,0,0,0,0,0,6,37,61,84,63,74,47,9,0,0,0,0,0,0,0,0,0,0
0,0,0,0,0,0,0,0,0,0,1,34,69,67,87,72,40,13,1,0,0,0,0,0,0,0,0,0
0,0,0,0,0,0,0,0,0,0,3,32,71,69,65,75,51,14,2,0,0,0,0,0,0,0,0,0
0,0,0,0,0,0,0,0,0,0,1,29,64,69,79,80,40,16,1,1,0,0,0,0,0,0,0,0
0,0,0,0,0,0,0,0,0,0,1,30,73,57,58,89,58,10,2,0,0,0,0,0,0,0,0,0
0,0,0,0,0,0,0,0,0,0,1,29,62,81,77,75,41,13,2,0,0,0,0,0,0,0,0,0
0,0,0,0,0,0,0,0,0,0,2,32,79,75,64,76,44,13,0,0,0,0,0,0,0,0,0,0
0,0,0,0,0,0,0,0,0,0,0,27,56,80,87,74,48,10,0,0,0,0,0,0,0,0,0,0
0,0,0,0,0,0,0,0,0,0,1,52,69,84,64,70,38,5,1,0,0,0,0,0,0,0,0,0
0,0,0,0,0,0,0,0,0,0,1,29,81,80,67,81,40,8,0,0,0,0,0,0,0,0,0,0
0,0,0,0,0,0,0,0,0,0,2,26,56,76,74,78,55,9,3,0,0,0,0,0,0,0,0,0
0,0,0,0,0,0,0,0,0,0,1,41,75,64,70,88,34,13,4,0,0,0,0,0,0,0,0,0
0,0,0,0,0,0,0,0,0,0,3,31,63,92,74,73,40,9,2,0,0,0,0,0,0,0,0,0
0,0,0,0,0,0,0,0,0,0,0,28,77,80,71,67,44,11,2,0,0,0,0,0,0,0,0,0
0,0,0,0,0,0,0,0,0,0,4,26,72,62,81,83,40,12,2,0,0,0,0,0,0,0,0,0
0,0,0,0,0,0,0,0,0,0,2,29,74,77,60,69,54,12,1,0,0,0,0,0,0,0,0,0
0,0,0,0,0,0,0,0,0,0,3,18,63,69,83,89,45,10,1,0,0,0,0,0,0,0,0,0
0,0,0,0,0,0,0,0,0,0,1,39,68,88,65,71,48,8,1,0,0,0,0,0,0,0,0,0
0,0,0,0,0,0,0,0,0,0,2,45,67,73,72,84,38,8,1,0,0,0,0,0,0,0,0,0
0,0,0,0,0,0,0,0,0,0,1,34,72,91,62,68,45,9,2,0,0,0,0,0,0,0,0,0
0,0,0,0,0,0,0,0,0,0,1,33,64,76,78,71,42,11,5,0,0,0,0,0,0,0,0,0
0,0,0,0,0,0,0,0,0,0,0,33,63,68,90,75,45,11,0,0,0,0,0,0,0,0,0,0
0,0,0,0,0,0,0,0,0,0,2,44,72,68,70,74,45,13,1,0,0,0,0,0,0,0,0,0
0,0,0,0,0,0,0,0,0,0,0,32,81,72,68,70,49,12,2,0,0,0,0,0,0,0,0,0
0,0,0,0,0,0,0,0,0,0,2,31,77,79,71,85,41,3,0,0,0,0,0,0,0,0,0,0
0,0,0,0,0,0,0,0,0,0,2,28,74,80,69,70,35,20,0,0,0,0,0,0,0,0,0,0
0,0,0,0,0,0,0,0,0,0,1,25,54,84,73,79,49,11,3,0,0,0,0,0,0,0,0,0
0,0,0,0,0,0,0,0,0,0,2,20,66,81,80,74,47,9,0,0,0,0,0,0,0,0,0,0
0,0,0,0,0,0,0,0,0,0,2,27,73,68,77,78,45,12,1,0,0,0,0,0,0,0,0,0
0,0,0,0,0,0,0,0,0,0,1,24,72,75,76,71,43,14,2,0,0,0,0,0,0,0,0,0
0,0,0,0,0,0,0,0,0,0,3,32,64,72,77,81,47,9,1,0,0,0,0,0,0,0,0,0
0,0,0,0,0,0,0,0,0,0,0,26,51,63,83,88,53,15,0,0,0,0,0,0,0,0,0,0
0,0,0,0,0,0,0,0,0,0,5,22,81,82,61,72,45,11,4,0,0,0,0,0,0,0,0,0
0,0,0,0,0,0,0,0,0,0,2,27,70,82,71,65,61,5,2,0,0,0,0,0,0,0,0,0
0,0,0,0,0,0,0,0,0,0,1,32,79,80,61,79,41,7,4,0,0,0,0,0,0,0,0,0
0,0,0,0,0,0,0,0,0,0,2,37,65,64,83,86,43,7,0,0,0,0,0,0,0,0,0,0
0,0,0,0,0,0,0,0,0,0,0,37,62,81,83,57,53,11,1,0,0,0,0,0,0,0,0,0
0,0,0,0,0,0,0,0,0,0,5,27,67,77,63,84,52,9,0,0,0,0,0,0,0,0,0,0
0,0,0,0,0,0,0,0,0,0,1,30,74,78,69,68,46,16,3,0,0,0,0,0,0,0,0,0
0,0,0,0,0,0,0,0,0,0,3,32,62,77,69,83,44,10,1,0,0,0,0,0,0,0,0,0
0,0,0,0,0,0,0,0,0,0,0,25,62,97,62,75,45,11,3,0,0,0,0,0,0,0,0,0
0,0,0,0,0,0,0,0,0,0,4,38,71,78,71,77,38,9,1,0,0,0,0,0,0,0,0,0
0,0,0,0,0,0,0,0,0,0,1,34,76,69,67,68,52,17,4,0,0,0,0,0,0,0,0,0
0,0,0,0,0,0,0,0,0,0,1,31,68,74,89,70,42,6,3,0,0,0,0,0,0,0,0,0
0,0,0,0,0,0,0,0,0,0,1,25,69,99,66,66,43,10,1,0,0,0,0,0,0,0,0,0
0,0,0,0,0,0,0,0,0,0,3,38,73,72,78,66,39,15,1,0,0,0,0,0,0,0,0,0
0,0,0,0,0,0,0,0,0,0,2,40,70,84,67,84,34,9,2,0,0,0,0,0,0,0,0,0
0,0,0,0,0,0,0,0,0,0,0,28,64,81,62,87,49,11,3,0,0,0,0,0,0,0,0,0
0,0,0,0,0,0,0,0,0,0,1,38,70,71,78,85,41,3,1,0,0,0,0,0,0,0,0,0
0,0,0,0,0,0,0,0,0,0,1,31,83,75,56,84,45,8,0,0,0,0,0,0,0,0,0,0
0,0,0,0,0,0,0,0,0,0,2,26,79,60,77,80,42,15,0,0,0,0,0,0,0,0,0,0
0,0,0,0,0,0,0,0,0,0,3,28,68,77,63,78,54,10,2,0,0,0,0,0,0,0,0,0
0,0,0,0,0,0,0,0,0,0,1,34,62,74,73,89,44,6,1,0,0,0,0,0,0,0,0,0
0,0,0,0,0,0,0,0,0,0,1,31,89,87,58,73,40,9,1,0,0,0,0,0,0,0,0,0
0,0,0,0,0,0,0,0,0,0,1,28,70,61,67,84,58,9,1,0,0,0,0,0,0,0,0,0
0,0,0,0,0,0,0,0,0,0,1,33,64,73,82,82,39,10,0,0,0,0,0,0,0,0,0,0
0,0,0,0,0,0,0,0,0,0,0,28,67,67,73,68,64,9,2,0,0,0,0,0,0,0,0,0
0,0,0,0,0,0,0,0,0,0,2,28,61,73,89,74,40,13,2,0,0,0,0,0,0,0,0,0
0,0,0,0,0,0,0,0,0,0,1,32,67,63,76,77,48,14,1,0,0,0,0,0,0,0,0,0
0,0,0,0,0,0,0,0,0,0,2,25,76,64,77,72,54,13,0,0,0,0,0,0,0,0,0,0
0,0,0,0,0,0,0,0,0,0,1,31,71,62,83,76,46,13,0,0,0,0,0,0,0,0,0,0
0,0,0,0,0,0,0,0,0,0,2,32,69,72,83,87,30,12,0,0,0,0,0,0,0,0,0,0
0,0,0,0,0,0,0,0,0,0,1,50,75,93,57,65,43,4,0,0,0,0,0,0,0,0,0,0
0,0,0,0,0,0,0,0,0,0,1,26,75,74,68,84,49,5,2,1,0,0,0,0,0,0,0,0
0,0,0,0,0,0,0,0,0,0,5,28,67,76,82,72,35,17,1,0,0,0,0,0,0,0,0,0
0,0,0,0,0,0,0,0,0,0,1,28,57,67,73,86,52,12,0,0,0,0,0,0,0,0,0,0
0,0,0,0,0,0,0,0,0,0,2,29,78,83,66,82,42,6,0,0,0,0,0,0,0,0,0,0
0,0,0,0,0,0,0,0,0,0,4,28,71,80,75,63,51,10,1,0,0,0,0,0,0,0,0,0
0,0,0,0,0,0,0,0,0,0,1,27,71,79,67,72,52,11,0,0,0,0,0,0,0,0,0,0
0,0,0,0,0,0,0,0,0,0,2,20,69,81,69,77,40,14,2,0,0,0,0,0,0,0,0,0
0,0,0,0,0,0,0,0,0,0,2,28,76,80,69,80,31,14,3,0,0,0,0,0,0,0,0,0
0,0,0,0,0,0,0,0,0,0,2,33,52,83,76,91,41,7,1,0,0,0,0,0,0,0,0,0
0,0,0,0,0,0,0,0,0,0,2,34,90,72,76,75,30,8,2,0,0,0,0,0,0,0,0,0
0,0,0,0,0,0,0,0,0,0,0,42,84,65,72,71,43,11,0,0,0,0,0,0,0,0,0,0
0,0,0,0,0,0,0,0,0,0,1,27,57,88,74,75,56,5,2,0,0,0,0,0,0,0,0,0
0,0,0,0,0,0,0,0,0,0,3,41,79,66,67,76,46,7,0,0,0,0,0,0,0,0,0,0
0,0,0,0,0,0,0,0,0,0,3,27,62,88,60,72,58,9,3,0,0,0,0,0,0,0,0,0
0,0,0,0,0,0,0,0,0,0,3,40,50,74,93,75,32,14,2,0,0,0,0,0,0,0,0,0
0,0,0,0,0,0,0,0,0,0,1,32,85,71,66,78,39,10,3,0,0,0,0,0,0,0,0,0
0,0,0,0,0,0,0,0,0,0,2,34,70,92,71,77,36,7,0,0,0,0,0,0,0,0,0,0
0,0,0,0,0,0,0,0,0,0,4,41,57,71,83,74,46,7,2,0,0,0,0,0,0,0,0,0
0,0,0,0,0,0,0,0,0,0,1,45,64,65,72,86,43,4,0,0,0,0,0,0,0,0,0,0
0,0,0,0,0,0,0,0,0,0,0,19,80,78,55,81,49,14,5,0,0,0,0,0,0,0,0,0
0,0,0,0,0,0,0,0,0,0,0,22,73,80,84,77,37,7,1,0,0,0,0,0,0,0,0,0
0,0,0,0,0,0,0,0,0,0,4,24,76,60,82,77,48,13,3,0,0,0,0,0,0,0,0,0
0,0,0,0,0,0,0,0,0,0,1,36,69,79,66,73,45,12,0,0,0,0,0,0,0,0,0,0
