NUM_CAMPS,MB_HOURS,OB_HOURS,MB_TRIPS,OB_TRIPS,TOTAL_TRIPS,OPTIMAL_TRIPS_TOTAL,CAMP_POPULATION_PERCENTAGE
10,10.000000,10.000000,10,10,10,10.000000,10.000000
90,0.000000,8.000000,0,0,0,NaN,0.000000
90,0.000000,8.000000,0,0,0,NaN,0.000000
90,0.000000,8.000000,0,0,0,NaN,0.000000
90,0.000000,8.000000,0,0,0,NaN,0.000000
90,0.000000,8.000000,0,0,0,NaN,0.000000
90,0.000000,8.000000,0,0,0,NaN,0.000000
90,0.000000,8.000000,0,0,0,NaN,0.000000
90,0.000000,8.000000,0,0,0,NaN,0.000000
90,0.000000,8.000000,0,0,0,NaN,0.000000
90,0.000000,8.000000,0,0,0,NaN,0.000000
90,1.000000,8.000000,229,257,486,796.538959,0.660170
90,1.000000,8.000000,229,257,486,794.798928,0.661445
90,1.000000,8.000000,229,255,484,798.025828,0.658288
90,1.000000,8.000000,229,257,486,792.909361,0.662477
90,1.000000,8.000000,229,253,482,793.060939,0.659441
90,1.000000,8.000000,229,256,485,799.754706,0.657195
90,1.000000,8.000000,229,257,486,790.403871,0.664299
90,1.000000,8.000000,229,254,483,796.696044,0.659199
90,1.000000,8.000000,229,254,483,788.639833,0.665027
90,1.000000,8.000000,229,254,483,788.405352,0.664056
90,2.000000,8.000000,440,454,894,1179.066304,0.795446
90,2.000000,8.000000,442,451,893,1167.834683,0.804918
90,2.000000,8.000000,443,447,890,1172.476404,0.798361
90,2.000000,8.000000,453,468,921,1187.665988,0.810200
90,2.000000,8.000000,443,449,892,1159.621122,0.807407
90,2.000000,8.000000,439,447,886,1176.144112,0.793443
90,2.000000,8.000000,439,448,887,1168.711200,0.798968
90,2.000000,8.000000,447,458,905,1169.322193,0.808682
90,2.000000,8.000000,447,455,902,1173.640386,0.804129
90,2.000000,8.000000,441,456,897,1175.960360,0.799393
90,3.000000,8.000000,495,499,994,1290.390163,0.801518
90,3.000000,8.000000,491,490,981,1290.603882,0.793807
90,3.000000,8.000000,495,496,991,1289.952580,0.802975
90,3.000000,8.000000,492,493,985,1300.853981,0.793139
90,3.000000,8.000000,497,507,1004,1312.683972,0.796661
90,3.000000,8.000000,485,497,982,1289.755981,0.799514
90,3.000000,8.000000,496,501,997,1289.912804,0.803157
90,3.000000,8.000000,496,499,995,1303.400143,0.795203
90,3.000000,8.000000,485,490,975,1282.710280,0.794657
90,3.000000,8.000000,500,496,996,1298.205128,0.803764
90,4.000000,8.000000,518,520,1038,1345.495042,0.805525
90,4.000000,8.000000,518,519,1037,1347.061282,0.801214
90,4.000000,8.000000,520,526,1046,1343.179479,0.807711
90,4.000000,8.000000,516,518,1034,1330.051546,0.814208
90,4.000000,8.000000,521,521,1042,1343.384736,0.811658
90,4.000000,8.000000,518,520,1038,1343.697241,0.809472
90,4.000000,8.000000,524,521,1045,1351.271885,0.803886
90,4.000000,8.000000,523,518,1041,1335.925666,0.812568
90,4.000000,8.000000,527,519,1046,1330.626400,0.821311
90,4.000000,8.000000,523,532,1055,1365.381895,0.807043
90,5.000000,8.000000,527,536,1063,1356.337930,0.823619
90,5.000000,8.000000,547,547,1094,1367.292457,0.835701
90,5.000000,8.000000,544,547,1091,1365.304308,0.834487
90,5.000000,8.000000,535,548,1083,1351.493408,0.835701
90,5.000000,8.000000,537,550,1087,1348.210709,0.839041
90,5.000000,8.000000,537,539,1076,1355.182381,0.827201
90,5.000000,8.000000,538,547,1085,1357.177033,0.835094
90,5.000000,8.000000,538,543,1081,1348.588850,0.838009
90,5.000000,8.000000,533,541,1074,1333.593185,0.842137
90,5.000000,8.000000,550,543,1093,1363.043083,0.839284
90,6.000000,8.000000,558,574,1132,1380.119920,0.854463
90,6.000000,8.000000,558,566,1124,1375.661737,0.853188
90,6.000000,8.000000,578,578,1156,1399.847070,0.861809
90,6.000000,8.000000,561,571,1132,1379.915624,0.854098
90,6.000000,8.000000,565,576,1141,1379.958144,0.861506
90,6.000000,8.000000,554,567,1121,1368.735266,0.859381
90,6.000000,8.000000,567,573,1140,1378.849967,0.860656
90,6.000000,8.000000,570,569,1139,1378.551587,0.862113
90,6.000000,8.000000,561,574,1135,1386.240267,0.855981
90,6.000000,8.000000,561,566,1127,1361.826119,0.861506
90,7.000000,8.000000,574,589,1163,1383.803641,0.875349
90,7.000000,8.000000,594,587,1181,1396.444109,0.879417
90,7.000000,8.000000,579,589,1168,1389.752926,0.878446
90,7.000000,8.000000,577,587,1164,1399.451055,0.870006
90,7.000000,8.000000,589,593,1182,1400.542446,0.880146
90,7.000000,8.000000,583,585,1168,1385.748451,0.878506
90,7.000000,8.000000,580,574,1154,1383.388893,0.872678
90,7.000000,8.000000,576,579,1155,1380.868902,0.870128
90,7.000000,8.000000,574,587,1161,1374.670740,0.880753
90,7.000000,8.000000,588,586,1174,1386.673838,0.882696
90,8.000000,8.000000,588,600,1188,1386.898214,0.891743
90,8.000000,8.000000,581,582,1163,1359.350649,0.894293
90,8.000000,8.000000,585,593,1178,1370.076972,0.897268
90,8.000000,8.000000,586,588,1174,1371.429179,0.893200
90,8.000000,8.000000,607,611,1218,1417.500000,0.892107
90,8.000000,8.000000,600,613,1213,1409.390476,0.900304
90,8.000000,8.000000,588,605,1193,1399.181799,0.888585
90,8.000000,8.000000,586,602,1188,1394.310554,0.889678
90,8.000000,8.000000,581,595,1176,1366.689246,0.896478
90,8.000000,8.000000,591,585,1176,1381.802097,0.888342
90,9.000000,8.000000,620,626,1246,1409.548733,0.917851
90,9.000000,8.000000,614,630,1244,1408.059927,0.921008
90,9.000000,8.000000,617,626,1243,1416.369863,0.915543
90,9.000000,8.000000,623,632,1255,1425.212025,0.915240
90,9.000000,8.000000,606,628,1234,1405.822785,0.913661
90,9.000000,8.000000,613,626,1239,1406.944981,0.914693
90,9.000000,8.000000,615,617,1232,1407.145631,0.913418
90,9.000000,8.000000,621,626,1247,1420.731184,0.916151
90,9.000000,8.000000,607,615,1222,1410.988503,0.908257
90,9.000000,8.000000,611,613,1224,1394.719801,0.914086
90,10.000000,8.000000,625,620,1245,1401.007789,0.923922
90,10.000000,8.000000,619,625,1244,1410.871781,0.920219
90,10.000000,8.000000,628,630,1258,1411.489884,0.928051
90,10.000000,8.000000,632,631,1263,1417.969325,0.923437
90,10.000000,8.000000,644,637,1281,1434.852421,0.931390
90,10.000000,8.000000,616,624,1240,1401.605930,0.922587
90,10.000000,8.000000,622,624,1246,1412.653679,0.922465
90,10.000000,8.000000,629,641,1270,1429.335793,0.922526
90,10.000000,8.000000,624,622,1246,1416.651940,0.918033
90,10.000000,8.000000,627,644,1271,1435.168655,0.926594
90,11.000000,8.000000,633,637,1270,1425.633860,0.930480
90,11.000000,8.000000,632,637,1269,1420.541698,0.932058
90,11.000000,8.000000,645,643,1288,1427.739938,0.937523
90,11.000000,8.000000,636,635,1271,1422.877243,0.931694
90,11.000000,8.000000,630,641,1271,1408.705922,0.939466
90,11.000000,8.000000,630,629,1259,1402.010142,0.934305
90,11.000000,8.000000,638,654,1292,1440.219289,0.932605
90,11.000000,8.000000,639,641,1280,1423.470628,0.934608
90,11.000000,8.000000,642,643,1285,1437.377751,0.932605
90,11.000000,8.000000,638,639,1277,1426.007865,0.935337
90,12.000000,8.000000,641,649,1290,1426.596388,0.941226
90,12.000000,8.000000,648,650,1298,1438.244080,0.938555
90,12.000000,8.000000,655,647,1302,1433.993580,0.944687
90,12.000000,8.000000,651,656,1307,1441.042308,0.944869
90,12.000000,8.000000,647,639,1286,1431.109459,0.936976
90,12.000000,8.000000,650,655,1305,1442.894066,0.940559
90,12.000000,8.000000,645,649,1294,1426.709064,0.944141
90,12.000000,8.000000,650,655,1305,1428.604187,0.950334
90,12.000000,8.000000,647,643,1290,1436.240114,0.936916
90,12.000000,8.000000,640,639,1279,1422.166487,0.938434
90,13.000000,8.000000,674,663,1337,1466.657120,0.950030
90,13.000000,8.000000,657,657,1314,1442.579656,0.947055
90,13.000000,8.000000,656,655,1311,1451.476876,0.942562
90,13.000000,8.000000,671,668,1339,1464.753587,0.952398
90,13.000000,8.000000,664,649,1313,1449.209891,0.947784
90,13.000000,8.000000,663,667,1330,1453.556735,0.950698
90,13.000000,8.000000,664,654,1318,1450.645549,0.948755
90,13.000000,8.000000,660,657,1317,1451.096468,0.945962
90,13.000000,8.000000,658,664,1322,1449.430169,0.952884
90,13.000000,8.000000,669,655,1324,1447.191399,0.950030
90,14.000000,8.000000,671,660,1331,1445.346476,0.956770
90,14.000000,8.000000,663,665,1328,1441.898609,0.955859
90,14.000000,8.000000,673,664,1337,1452.628142,0.957013
90,14.000000,8.000000,671,663,1334,1450.612703,0.958349
90,14.000000,8.000000,663,664,1327,1444.717742,0.957498
90,14.000000,8.000000,679,669,1348,1468.745700,0.953734
90,14.000000,8.000000,678,666,1344,1468.175366,0.954584
90,14.000000,8.000000,684,685,1369,1485.827348,0.957013
90,14.000000,8.000000,668,672,1340,1468.774125,0.953552
90,14.000000,8.000000,669,667,1336,1450.680380,0.960231
90,15.000000,8.000000,681,672,1353,1469.914908,0.959563
90,15.000000,8.000000,682,674,1356,1469.587419,0.960595
90,15.000000,8.000000,693,674,1367,1479.756162,0.961991
90,15.000000,8.000000,687,670,1357,1482.376467,0.954341
90,15.000000,8.000000,674,673,1347,1462.624604,0.959381
90,15.000000,8.000000,679,670,1349,1452.158824,0.966120
90,15.000000,8.000000,689,676,1365,1471.787234,0.962295
90,15.000000,8.000000,685,672,1357,1475.233663,0.959320
90,15.000000,8.000000,691,686,1377,1483.366473,0.962963
90,15.000000,8.000000,676,669,1345,1458.337722,0.959988
90,16.000000,8.000000,696,686,1382,1483.126344,0.966788
90,16.000000,8.000000,699,677,1376,1484.230794,0.962963
90,16.000000,8.000000,706,689,1395,1504.035742,0.964481
90,16.000000,8.000000,696,686,1382,1489.824584,0.966242
90,16.000000,8.000000,695,678,1373,1482.353982,0.965392
90,16.000000,8.000000,691,690,1381,1486.605882,0.966545
90,16.000000,8.000000,697,692,1389,1492.583676,0.968731
90,16.000000,8.000000,699,682,1381,1490.795700,0.965877
90,16.000000,8.000000,684,666,1350,1458.765254,0.962538
90,16.000000,8.000000,686,679,1365,1469.862700,0.967335
90,17.000000,8.000000,709,688,1397,1499.126271,0.970006
90,17.000000,8.000000,709,699,1408,1505.828571,0.969338
90,17.000000,8.000000,710,694,1404,1502.331081,0.969945
90,17.000000,8.000000,703,699,1402,1498.341444,0.972131
90,17.000000,8.000000,702,690,1392,1488.426930,0.969763
90,17.000000,8.000000,692,672,1364,1472.830263,0.965270
90,17.000000,8.000000,706,685,1391,1489.775654,0.969581
90,17.000000,8.000000,715,701,1416,1519.515246,0.970492
90,17.000000,8.000000,698,685,1383,1474.018637,0.974985
90,17.000000,8.000000,706,687,1393,1495.515938,0.969642
90,18.000000,8.000000,713,697,1410,1500.562161,0.974560
90,18.000000,8.000000,727,696,1423,1520.784505,0.973831
90,18.000000,8.000000,712,701,1413,1510.097333,0.973588
90,18.000000,8.000000,714,698,1412,1505.804196,0.975835
90,18.000000,8.000000,714,686,1400,1507.157331,0.969035
90,18.000000,8.000000,698,687,1385,1475.959236,0.974013
90,18.000000,8.000000,707,693,1400,1497.467204,0.973892
90,18.000000,8.000000,720,700,1420,1516.004408,0.974074
90,18.000000,8.000000,731,706,1437,1541.749072,0.971220
90,18.000000,8.000000,714,694,1408,1506.219797,0.972192
90,19.000000,8.000000,719,702,1421,1511.877907,0.975653
90,19.000000,8.000000,727,704,1431,1519.964530,0.977596
90,19.000000,8.000000,713,700,1413,1506.090474,0.975592
90,19.000000,8.000000,712,701,1413,1504.727143,0.975713
90,19.000000,8.000000,718,697,1415,1511.352140,0.974560
90,19.000000,8.000000,717,686,1403,1502.823231,0.970978
90,19.000000,8.000000,721,699,1420,1513.649602,0.974378
90,19.000000,8.000000,718,705,1423,1518.321456,0.974924
90,19.000000,8.000000,700,696,1396,1487.200517,0.975349
90,19.000000,8.000000,716,692,1408,1505.242113,0.972435
90,20.000000,8.000000,725,710,1435,1524.704858,0.977231
90,20.000000,8.000000,718,705,1423,1517.928109,0.976563
90,20.000000,8.000000,726,700,1426,1521.226763,0.978203
90,20.000000,8.000000,724,706,1430,1526.086957,0.975896
90,20.000000,8.000000,721,710,1431,1518.789148,0.978324
90,20.000000,8.000000,733,711,1444,1534.267467,0.978992
90,20.000000,8.000000,728,706,1434,1524.527498,0.977413
90,20.000000,8.000000,724,704,1428,1510.446343,0.980935
90,20.000000,8.000000,734,708,1442,1538.095978,0.975896
90,20.000000,8.000000,719,699,1418,1511.126496,0.977171
90,21.000000,8.000000,733,707,1440,1533.182494,0.975531
90,21.000000,8.000000,733,720,1453,1530.402891,0.981967
90,21.000000,8.000000,745,727,1472,1555.388465,0.981481
90,21.000000,8.000000,729,706,1435,1523.721875,0.980024
90,21.000000,8.000000,731,705,1436,1521.057303,0.980510
90,21.000000,8.000000,734,705,1439,1518.959815,0.981481
90,21.000000,8.000000,735,715,1450,1534.702140,0.980510
90,21.000000,8.000000,728,711,1439,1523.842988,0.980085
90,21.000000,8.000000,733,703,1436,1524.587120,0.977838
90,21.000000,8.000000,724,700,1424,1506.892830,0.981906
90,22.000000,8.000000,739,725,1464,1547.034518,0.980267
90,22.000000,8.000000,739,703,1442,1526.725379,0.984578
90,22.000000,8.000000,737,719,1456,1538.383372,0.983607
90,22.000000,8.000000,748,719,1467,1553.194266,0.982028
90,22.000000,8.000000,746,726,1472,1552.798309,0.986400
90,22.000000,8.000000,729,708,1437,1517.043138,0.984396
90,22.000000,8.000000,735,712,1447,1534.188876,0.981724
90,22.000000,8.000000,738,719,1457,1532.753577,0.986764
90,22.000000,8.000000,741,721,1462,1547.800990,0.981967
90,22.000000,8.000000,743,721,1464,1550.715802,0.983546
90,23.000000,8.000000,746,719,1465,1540.284073,0.984153
90,23.000000,8.000000,742,725,1467,1547.821268,0.985732
90,23.000000,8.000000,741,719,1460,1540.435618,0.984699
90,23.000000,8.000000,752,716,1468,1554.952730,0.981724
90,23.000000,8.000000,759,724,1483,1564.502306,0.986035
90,23.000000,8.000000,744,718,1462,1543.930495,0.983485
90,23.000000,8.000000,738,710,1448,1528.851849,0.984639
90,23.000000,8.000000,759,732,1491,1572.438368,0.985185
90,23.000000,8.000000,755,731,1486,1564.960675,0.984882
90,23.000000,8.000000,741,717,1458,1534.883988,0.983667
90,24.000000,8.000000,751,719,1470,1548.407521,0.986642
90,24.000000,8.000000,744,719,1463,1539.852377,0.986278
90,24.000000,8.000000,747,726,1473,1544.357375,0.989860
90,24.000000,8.000000,754,725,1479,1554.705770,0.988464
90,24.000000,8.000000,757,732,1489,1566.417348,0.988403
90,24.000000,8.000000,755,723,1478,1558.628506,0.984639
90,24.000000,8.000000,745,731,1476,1549.969396,0.987492
90,24.000000,8.000000,735,716,1451,1527.905505,0.987189
90,24.000000,8.000000,750,719,1469,1552.517325,0.984457
90,24.000000,8.000000,753,734,1487,1559.035585,0.987857
