NUM_CAMPS,MB_TRIPS,OB_TRIPS,TOTAL_TRIPS,OPTIMAL_TRIPS_TOTAL,CAMP_POPULATION_PERCENTAGE
10,10,10,10,10.000000,10.000000
40,482,0,482,618.989474,0.837295
40,504,0,504,646.108581,0.838525
40,503,0,503,633.074278,0.845765
40,496,0,496,638.986272,0.832104
40,494,0,494,634.734071,0.832240
40,482,0,482,618.446976,0.830874
40,505,0,505,656.007098,0.825683
40,493,0,493,639.737635,0.826913
40,505,0,505,638.225138,0.845628
40,512,0,512,651.118833,0.838388
40,492,0,492,635.398730,0.830055
40,489,0,489,628.199368,0.835109
40,496,0,496,635.185444,0.836202
40,492,0,492,640.597652,0.824727
40,511,0,511,642.701031,0.852049
40,491,0,491,631.100966,0.830464
40,500,0,500,636.079249,0.839481
40,488,0,488,641.321364,0.821721
40,495,0,495,654.043321,0.817350
40,507,0,507,646.557491,0.837568
40,36,142,178,214.232160,0.943852
40,36,142,178,214.196942,0.943852
40,38,142,180,215.505397,0.948361
40,33,142,175,211.246702,0.941940
40,36,142,178,214.868074,0.941803
40,37,142,179,214.976210,0.945765
40,39,142,181,217.306872,0.945902
40,37,142,179,215.152709,0.945082
40,36,142,178,214.196942,0.944262
40,34,142,176,212.453826,0.941940
40,17,324,341,374.174786,0.969672
40,18,325,343,375.076188,0.972541
40,18,325,343,374.852195,0.972951
40,17,325,342,374.710373,0.970765
40,19,325,344,375.216808,0.974727
40,20,325,345,376.083395,0.975137
40,17,325,342,374.262222,0.971858
40,14,325,339,372.370948,0.968852
40,18,325,343,374.964158,0.972678
40,20,325,345,376.812892,0.973361
40,16,325,341,374.343131,0.969126
40,17,325,342,374.486163,0.971448
40,19,325,344,375.440584,0.974180
40,19,325,344,376.788867,0.971038
40,19,325,344,375.888939,0.973224
40,19,325,344,375.496570,0.974044
40,17,325,342,374.262222,0.971858
40,16,325,341,372.889154,0.972541
40,18,325,343,375.749776,0.970765
40,19,325,344,375.888939,0.973224
40,98,280,378,568.982110,0.724044
40,106,285,391,570.939557,0.743169
40,99,288,387,563.637087,0.747678
40,106,270,376,564.694296,0.727869
40,101,273,374,572.736402,0.717077
40,92,289,381,561.263836,0.740984
40,95,296,391,559.663668,0.759153
40,97,284,381,561.489833,0.742077
40,108,281,389,567.792622,0.745765
40,107,287,394,567.174041,0.754508
40,72,348,420,607.829181,0.743852
40,73,358,431,598.770165,0.769945
40,73,339,412,601.723863,0.738798
40,83,337,420,607.709033,0.741803
40,74,333,407,602.718997,0.734016
40,72,351,423,601.585390,0.759563
40,88,333,421,602.604615,0.753552
40,70,349,419,594.856478,0.757240
40,68,359,427,604.923553,0.757377
40,76,346,422,620.040145,0.734153
40,60,376,436,627.387458,0.743443
40,62,387,449,620.948422,0.767350
40,76,369,445,628.963120,0.751366
40,63,384,447,628.996540,0.762022
40,66,395,461,635.981907,0.775546
40,71,394,465,630.450083,0.786749
40,67,370,437,617.894534,0.763251
40,67,382,449,627.109330,0.765847
40,43,386,429,621.714512,0.743989
40,55,384,439,629.847119,0.755328
40,69,381,450,618.591549,0.776230
40,52,398,450,628.146453,0.768443
40,73,377,450,637.383901,0.759290
40,67,373,440,625.398058,0.756284
40,68,383,451,643.657633,0.757377
40,67,398,465,635.037313,0.776776
40,68,368,436,622.371295,0.750410
40,57,374,431,634.920507,0.734563
40,65,378,443,622.291307,0.768033
40,59,382,441,626.211445,0.756011
40,57,416,473,637.400589,0.793169
40,47,409,456,630.033975,0.780055
40,52,419,471,634.121758,0.795902
40,56,409,465,623.520791,0.797268
40,51,410,461,632.643420,0.781967
40,47,412,459,618.079470,0.790710
40,48,404,452,620.292463,0.782514
40,54,415,469,638.474986,0.785519
40,52,405,457,631.654079,0.778142
40,52,415,467,638.483377,0.783607
40,33,448,481,649.017512,0.789617
40,43,438,481,638.310370,0.799044
40,42,432,474,646.725070,0.786475
40,38,430,468,638.062954,0.782104
40,39,441,480,638.836364,0.800000
40,49,431,480,637.792703,0.799180
40,50,435,485,631.708185,0.816257
40,47,425,472,624.555315,0.803962
40,42,442,484,628.058855,0.816667
40,38,450,488,663.107481,0.787022
40,40,455,495,654.989154,0.811475
40,35,456,491,653.595199,0.804372
40,37,455,492,646.926531,0.810246
40,32,474,506,658.123667,0.821175
40,27,449,476,630.646154,0.803825
40,27,453,480,646.119897,0.795765
40,29,444,473,641.772011,0.789617
40,29,455,484,638.126801,0.811066
40,32,434,466,636.640538,0.787705
40,32,461,493,643.043478,0.815301
40,27,459,486,643.196529,0.810792
40,35,451,486,631.661932,0.819809
40,32,433,465,626.274149,0.795902
40,37,442,479,639.832117,0.797951
40,27,452,479,626.233256,0.812295
40,33,467,500,640.083945,0.826093
40,27,462,489,636.691569,0.818716
40,43,435,478,641.657803,0.798087
40,32,452,484,631.416860,0.818169
40,24,454,478,636.637555,0.800000
40,29,471,500,660.292261,0.806967
40,27,477,504,645.882353,0.834016
40,34,463,497,638.925184,0.825410
40,28,478,506,655.677111,0.818579
40,32,468,500,640.756303,0.834973
40,20,481,501,648.968324,0.818033
40,26,457,483,628.655761,0.822814
40,32,443,475,630.005436,0.804918
40,25,451,476,638.621701,0.795082
40,22,470,492,634.503171,0.826093
40,18,491,509,645.285764,0.838525
40,23,481,504,647.924131,0.831557
40,24,482,506,651.066971,0.829645
40,20,471,491,643.876747,0.814344
40,25,470,495,651.456311,0.813798
40,20,479,499,642.737990,0.828279
40,22,470,492,640.028434,0.818716
40,21,483,504,648.037941,0.827869
40,21,478,499,641.045981,0.826503
40,18,487,505,646.258741,0.826913
40,23,469,492,633.387267,0.827732
40,24,482,506,648.331875,0.831148
40,24,481,505,656.240014,0.819672
40,23,466,489,634.434598,0.825137
40,27,468,495,643.931047,0.818306
40,18,469,487,632.063830,0.819672
40,19,473,492,645.535042,0.815164
40,27,470,497,646.647707,0.818579
40,28,474,502,650.839532,0.828142
40,20,461,481,642.152107,0.804645
40,16,477,493,639.964533,0.822131
40,24,483,507,642.861597,0.840574
40,18,481,499,645.121865,0.825410
40,18,484,502,644.108677,0.832240
40,18,468,486,628.315083,0.828962
40,15,499,514,649.487312,0.840574
40,21,477,498,639.649061,0.832514
40,13,487,500,645.047585,0.827732
40,18,493,511,654.967606,0.829508
40,20,481,501,637.129951,0.837432
40,16,507,523,663.839084,0.841120
40,14,477,491,632.990490,0.824317
40,16,485,501,645.654930,0.830738
40,10,492,502,634.981856,0.840437
40,12,483,495,638.597110,0.829918
40,12,508,520,660.948081,0.844262
40,14,493,507,652.009838,0.826639
40,14,491,505,650.924459,0.831284
40,11,488,499,633.376105,0.837022
40,18,477,495,642.105263,0.824727
40,11,486,497,643.104119,0.830464
40,13,483,496,638.200035,0.830738
40,9,503,512,649.876886,0.837568
40,9,483,492,636.972055,0.827049
40,8,486,494,641.035277,0.821311
40,14,487,501,639.017250,0.836475
40,7,480,487,629.052409,0.823634
40,12,488,500,633.437175,0.840574
40,12,487,499,646.034666,0.826230
40,17,488,505,638.225138,0.843306
40,6,494,500,639.412998,0.835109
40,10,497,507,655.464500,0.825546
40,16,484,500,635.196112,0.840164
40,11,489,500,638.075314,0.838251
40,8,486,494,639.787686,0.824590
40,13,476,489,637.031500,0.821721
40,11,478,489,636.238891,0.823497
40,15,497,512,652.138507,0.838388
40,12,480,492,632.497366,0.828279
40,17,503,520,653.795946,0.848770
40,8,486,494,637.194714,0.831011
40,6,489,495,638.484581,0.831011
40,7,486,493,631.233164,0.837295
40,6,484,490,625.313808,0.835246
40,6,494,500,649.166371,0.822404
40,6,492,498,639.761320,0.831557
40,8,501,509,644.281515,0.838798
40,15,508,523,652.858117,0.854372
40,8,496,504,646.674847,0.833880
40,8,495,503,649.146685,0.829508
40,5,500,505,639.218399,0.843989
40,6,500,506,653.594494,0.827459
40,8,497,505,649.894515,0.832377
40,5,505,510,649.365107,0.838388
40,3,494,497,649.302160,0.821995
40,4,488,492,636.746818,0.827322
40,4,516,520,656.615491,0.845902
40,3,505,508,653.410648,0.825820
40,4,506,510,648.688097,0.840027
40,6,493,499,625.137772,0.850956
40,2,493,495,626.452282,0.842623
40,3,499,502,637.515614,0.842486
40,3,504,507,646.670152,0.840437
40,1,507,508,641.352190,0.843989
40,5,499,504,639.279154,0.843169
40,2,504,506,643.376759,0.837432
40,7,505,512,648.078852,0.841803
40,4,501,505,647.730857,0.828689
40,5,493,498,642.241015,0.830191
40,4,509,513,651.598126,0.840027
40,5,479,484,625.508475,0.831694
40,2,485,487,624.205918,0.837568
40,1,504,505,632.762752,0.849317
40,4,531,535,660.070790,0.862158
40,3,503,506,643.824092,0.840027
40,3,475,478,630.556857,0.812978
40,7,484,491,634.891362,0.827322
40,3,476,479,622.453400,0.827049
40,4,509,513,649.344631,0.841803
40,3,509,512,646.625259,0.839071
40,1,514,515,650.301880,0.848497
40,1,522,523,655.878020,0.852869
40,1,489,490,632.369535,0.832787
40,1,507,508,650.780539,0.837568
40,1,489,490,630.590717,0.833060
40,1,517,518,650.053146,0.846448
40,1,511,512,644.512468,0.844399
40,1,495,496,633.301936,0.837432
40,1,506,507,640.310559,0.844536
40,1,476,477,626.865350,0.818033
