NUM_CAMPS,MB_TRIPS,OB_TRIPS,TOTAL_TRIPS,OPTIMAL_TRIPS_TOTAL,CAMP_POPULATION_PERCENTAGE
50,409,386,795,841.342817,0.980546
50,403,389,792,835.269710,0.982077
50,403,382,785,832.396570,0.982186
50,395,376,771,815.283717,0.982404
50,409,388,797,839.961990,0.982732
50,402,377,779,826.609069,0.978142
50,405,386,791,836.722543,0.982514
50,404,389,793,838.741186,0.981530
50,403,383,786,826.845252,0.984262
50,404,383,787,836.261758,0.977596
50,403,377,780,828.150383,0.980219
50,404,382,786,833.167285,0.980109
50,402,380,782,827.297954,0.980765
50,407,388,795,840.856548,0.981311
50,403,379,782,829.311544,0.980656
50,407,378,785,834.524224,0.979016
50,402,381,783,828.260116,0.981202
50,406,381,787,833.744356,0.981421
50,407,385,792,836.909574,0.981530
50,405,386,791,834.985002,0.984044
50,411,387,798,845.006365,0.980984
50,405,387,792,835.462301,0.984044
50,404,382,786,831.241331,0.981093
50,402,384,786,831.241331,0.980437
50,404,388,792,841.574730,0.976393
50,408,375,783,834.433962,0.977268
50,405,387,792,835.944169,0.980109
50,403,382,785,829.416859,0.981093
50,404,382,786,831.914401,0.979781
50,402,380,782,830.273845,0.977923
50,397,384,781,824.904767,0.981858
50,399,385,784,824.362216,0.983169
50,409,390,799,845.771634,0.980656
50,403,378,781,831.334342,0.977158
50,410,387,797,843.166840,0.982514
50,406,382,788,837.129920,0.979126
50,407,382,789,837.803180,0.978689
50,408,384,792,840.403572,0.978579
50,410,386,796,842.108914,0.981858
50,402,380,782,829.888657,0.977814
50,406,381,787,834.904348,0.979126
50,404,381,785,828.173642,0.982951
50,409,388,797,842.387663,0.981530
50,410,390,800,844.777842,0.980765
50,404,385,789,831.434988,0.982951
50,400,375,775,823.989077,0.976721
50,412,390,802,844.550581,0.983279
50,405,382,787,836.358885,0.980219
50,400,376,776,824.764781,0.977486
50,403,384,787,831.434015,0.982077
50,406,384,790,832.872451,0.983716
50,408,382,790,836.535123,0.981093
50,400,382,782,825.675052,0.980109
50,409,388,797,842.095843,0.981421
50,408,387,795,842.122019,0.979891
50,408,385,793,837.192800,0.981093
50,409,389,798,844.517696,0.982951
50,402,385,787,829.136442,0.983279
50,399,371,770,820.484453,0.976612
50,414,385,799,848.421724,0.976831
50,395,381,776,816.795123,0.985464
50,412,388,800,848.400556,0.981421
50,400,380,780,826.519977,0.980656
50,404,383,787,832.010399,0.980874
50,407,384,791,835.177706,0.980000
50,403,384,787,828.373404,0.985464
50,401,375,776,824.668990,0.978361
50,410,387,797,845.317028,0.979891
50,404,386,790,833.544742,0.983716
50,401,380,781,826.049012,0.983169
50,404,382,786,831.433526,0.979563
50,411,386,797,845.415024,0.981202
50,406,383,789,836.153579,0.981749
50,407,384,791,838.856050,0.980109
50,405,386,791,833.926720,0.984590
50,406,385,791,837.303332,0.982077
50,408,390,798,841.306602,0.983060
50,402,372,774,824.170837,0.976503
50,402,381,783,827.494802,0.981749
50,410,382,792,838.264893,0.978798
50,406,385,791,836.819285,0.980874
50,407,385,792,835.751355,0.982951
50,401,376,777,825.444096,0.978907
50,406,383,789,834.799954,0.978798
50,407,385,792,839.624609,0.978033
50,402,382,784,827.404844,0.980765
50,407,383,790,837.407322,0.983169
50,411,390,801,848.084934,0.981311
50,406,380,786,834.908289,0.979563
50,400,383,783,830.660870,0.980109
50,407,382,789,835.669638,0.980437
50,408,382,790,840.816564,0.978142
50,406,383,789,838.094962,0.979781
50,409,381,790,839.352067,0.977596
50,409,383,792,843.043276,0.976503
50,410,389,799,844.501559,0.981530
50,414,388,802,847.378753,0.982951
50,409,385,794,841.647359,0.981530
50,404,385,789,833.546935,0.982514
50,407,387,794,842.037552,0.979672
50,406,384,790,836.535123,0.980000
50,410,391,801,844.761411,0.982514
50,403,382,785,831.914524,0.981639
50,406,384,790,834.218119,0.981093
50,403,384,787,832.491329,0.981093
50,409,383,792,838.555890,0.981311
50,407,384,791,836.142560,0.980109
50,407,388,795,838.723625,0.982404
50,407,383,790,837.698459,0.981311
50,400,377,777,825.731707,0.977923
50,400,385,785,827.315135,0.983388
50,409,388,797,843.264339,0.982186
50,410,386,796,844.550093,0.980984
50,410,388,798,845.299838,0.980000
50,407,387,794,842.330435,0.980109
50,407,384,791,836.045974,0.980328
50,403,375,778,832.109877,0.972022
50,411,394,805,845.374727,0.982732
50,401,378,779,825.747220,0.978798
50,404,387,791,836.142560,0.983716
50,410,382,792,841.574730,0.977923
50,412,388,800,846.242775,0.979891
50,409,386,795,841.634849,0.979454
50,405,383,788,836.159109,0.978907
50,406,382,788,833.934768,0.981967
50,410,389,799,844.989598,0.979454
50,406,385,791,834.311239,0.983934
50,404,380,784,831.914647,0.977596
50,404,382,786,830.473441,0.982186
50,407,383,790,833.160443,0.982186
50,411,385,796,843.278916,0.979016
50,407,381,788,834.997105,0.977705
50,412,385,797,844.631689,0.981421
50,403,390,793,836.710101,0.981530
50,411,386,797,844.925269,0.979235
50,410,382,792,841.086351,0.979891
50,413,387,800,846.536371,0.982186
50,410,386,796,839.198064,0.983060
50,406,386,792,834.884793,0.981311
50,406,387,793,839.032146,0.982623
50,413,382,795,845.449791,0.976721
50,405,384,789,832.969886,0.982732
50,410,380,790,842.089935,0.976175
50,405,380,785,832.203684,0.980328
50,405,382,787,833.069181,0.979454
50,402,380,782,831.528181,0.977814
50,401,383,784,828.073416,0.981421
50,404,378,782,832.883250,0.977268
50,404,387,791,834.503632,0.983825
50,407,384,791,835.756351,0.979672
50,405,384,789,835.959935,0.981967
50,402,383,785,829.512646,0.981093
50,397,374,771,818.120144,0.979563
50,403,386,789,830.956492,0.983716
50,412,388,800,845.753899,0.981858
50,410,389,799,844.599122,0.984481
50,409,389,798,842.665897,0.981858
50,407,385,792,838.361870,0.981421
50,403,384,787,828.754747,0.983497
50,405,385,790,834.796166,0.983169
50,406,377,783,833.269365,0.977705
50,408,384,792,837.877211,0.981311
50,411,388,799,842.943618,0.981421
50,409,389,798,841.791561,0.983934
50,407,384,791,837.690972,0.980656
50,407,383,790,837.989798,0.980109
50,406,385,791,839.342456,0.979344
50,408,389,797,840.058749,0.983169
50,409,387,796,844.550093,0.977049
50,408,381,789,835.863147,0.981639
50,410,385,795,841.829649,0.981749
50,405,387,792,834.404145,0.983716
50,405,381,786,832.781380,0.980000
50,408,390,798,839.372342,0.982404
50,414,389,803,851.977041,0.979235
50,402,381,783,827.303695,0.980219
50,400,381,781,827.771343,0.979672
50,405,377,782,829.503826,0.979672
50,405,383,788,837.227125,0.979126
50,402,379,781,825.095255,0.979781
50,403,381,784,830.566169,0.980109
50,408,382,790,838.573086,0.978798
50,403,381,784,833.654852,0.977596
50,409,389,798,841.403549,0.982186
50,402,385,787,831.146122,0.980765
50,406,379,785,834.815202,0.977486
50,406,389,795,841.829649,0.980437
50,406,383,789,836.638081,0.981093
50,408,385,793,841.855204,0.978907
50,400,379,779,823.267498,0.982077
50,406,387,793,837.482687,0.981639
50,404,381,785,830.567761,0.981530
50,413,384,797,847.872340,0.977158
50,409,383,792,840.501044,0.978142
50,403,385,788,833.934768,0.980437
50,407,379,786,834.811376,0.976612
50,413,389,802,846.889786,0.983060
50,413,388,801,851.138079,0.979235
50,413,387,800,849.483579,0.978798
50,408,385,793,838.741186,0.981421
50,409,389,798,846.279555,0.981967
50,405,385,790,833.064423,0.983716
50,414,389,803,850.399306,0.978142
50,400,381,781,828.251043,0.980109
50,397,378,775,820.271833,0.981202
50,405,384,789,832.969886,0.982842
50,406,384,790,836.922543,0.980765
50,412,386,798,845.006365,0.979563
50,402,377,779,828.819767,0.978033
50,405,386,791,838.856050,0.979781
50,401,379,780,826.041667,0.981311
50,403,388,791,834.503632,0.983169
50,408,389,797,842.290367,0.981967
50,408,384,792,840.988743,0.979891
50,409,388,797,838.513280,0.985137
50,412,385,797,844.436082,0.982295
50,408,381,789,836.735049,0.978251
50,392,377,769,811.855313,0.983169
50,402,385,787,836.942120,0.976940
50,409,386,795,842.317045,0.978798
50,409,387,796,840.069204,0.983169
50,404,381,785,832.493046,0.978251
50,409,388,797,839.961990,0.982623
50,409,387,796,842.596020,0.978907
50,407,389,796,839.488243,0.982951
50,412,388,800,845.070423,0.980984
50,403,381,784,832.204176,0.980874
50,407,393,800,842.638425,0.982732
50,403,378,781,831.140963,0.977049
50,409,382,791,839.147826,0.980656
50,401,384,785,829.608455,0.982842
50,411,388,799,849.210129,0.979454
50,410,384,794,839.604761,0.982514
50,409,381,790,841.403795,0.977923
50,411,389,800,846.830171,0.978907
50,410,391,801,846.713262,0.983060
50,406,385,791,840.219410,0.978579
50,409,389,798,846.475771,0.979563
50,406,386,792,837.006237,0.980437
50,400,380,780,825.182102,0.981093
50,401,378,779,823.648024,0.981967
50,407,382,789,835.572917,0.979781
50,408,392,800,841.669541,0.984262
50,409,385,794,840.381724,0.980109
50,409,378,787,839.576775,0.975519
50,409,388,797,841.318643,0.982623
50,407,385,792,837.780347,0.981093
50,403,388,791,834.792388,0.984044
50,408,384,792,836.619718,0.981093
50,402,382,784,827.691243,0.983825
50,404,383,787,830.762575,0.982514
50,410,381,791,840.609756,0.977705
50,406,384,790,838.573086,0.979672
50,403,388,791,836.722543,0.981858
50,407,385,792,835.944169,0.984481
50,405,375,780,830.946560,0.977158
50,406,384,790,833.352548,0.983497
50,402,378,780,829.497908,0.977596
50,408,386,794,840.090194,0.979126
50,407,383,790,839.059779,0.979454
50,411,380,791,841.098199,0.979454
50,404,384,788,833.067591,0.981858
50,411,382,793,845.287745,0.975191
50,411,383,794,841.062746,0.979344
50,399,380,779,826.130042,0.980328
50,409,384,793,838.063063,0.981421
50,410,386,796,842.986111,0.979344
50,411,384,795,845.155106,0.976831
50,410,385,795,845.351540,0.978470
50,408,387,795,842.512161,0.980109
50,410,387,797,841.124567,0.982186
50,403,384,787,837.039405,0.979563
50,404,390,794,835.741401,0.984262
50,406,387,793,838.644244,0.982514
50,408,380,788,839.762404,0.974536
50,406,383,789,834.896496,0.980656
50,412,381,793,844.697322,0.976721
50,403,380,783,831.432053,0.977486
50,408,394,802,845.523678,0.981858
50,408,389,797,840.833622,0.982842
50,409,392,801,844.469409,0.984699
50,411,384,795,843.782624,0.980656
50,404,382,786,832.299502,0.980437
50,413,383,796,848.485555,0.976503
50,405,384,789,837.026087,0.979126
50,405,384,789,835.379542,0.979344
50,404,380,784,831.914647,0.978470
50,404,385,789,833.546935,0.982077
50,405,385,790,833.640872,0.982186
50,409,387,796,843.474233,0.980000
50,409,377,786,840.469791,0.975191
50,408,376,784,835.110594,0.976721
50,408,387,795,839.304258,0.981639
50,412,382,794,843.112452,0.979235
50,411,387,798,845.593515,0.980874
50,399,383,782,822.448276,0.983497
50,403,382,785,828.364664,0.983169
50,414,387,801,850.940439,0.978470
50,410,385,795,842.707368,0.980219
50,411,384,795,843.586919,0.979781
50,407,385,792,835.654982,0.981639
50,404,376,780,828.150383,0.979563
50,416,391,807,854.536512,0.979454
50,402,383,785,829.129632,0.981967
50,407,382,789,838.874041,0.979563
50,407,378,785,834.718187,0.978907
50,409,388,797,843.849803,0.980437
50,408,381,789,838.581717,0.978361
50,405,378,783,830.660870,0.980328
50,405,378,783,835.309549,0.976066
50,412,383,795,846.335079,0.978470
50,408,385,793,839.323308,0.980328
50,408,383,791,839.537177,0.976612
50,413,389,802,848.750867,0.981093
50,408,385,793,840.489980,0.981202
50,409,389,798,842.957746,0.981749
50,405,376,781,836.981729,0.971038
50,404,384,788,832.202216,0.984153
50,406,388,794,837.185988,0.983388
50,410,379,789,839.752239,0.974863
50,407,385,792,837.586685,0.981530
50,409,381,790,839.547038,0.978142
50,408,387,795,838.626931,0.984918
50,403,382,785,828.842603,0.982295
50,405,373,778,830.362767,0.976284
50,406,382,788,831.626298,0.983825
50,406,385,791,837.400208,0.981202
50,411,389,800,849.286460,0.977705
50,410,386,796,843.474233,0.981202
50,403,377,780,830.269893,0.975519
50,402,375,777,824.965189,0.979563
50,404,384,788,833.741906,0.980328
50,405,388,793,838.644244,0.981967
50,404,377,781,830.947674,0.978689
50,403,381,784,832.300731,0.980984
50,411,389,800,843.998616,0.982842
50,406,383,789,835.959935,0.982623
50,405,381,786,831.433526,0.979781
50,410,385,795,842.805005,0.981093
50,408,383,791,836.916050,0.982186
50,409,386,795,840.662198,0.980656
50,404,382,786,831.625809,0.982842
50,401,377,778,824.496178,0.978361
50,412,392,804,849.688150,0.982186
50,409,388,797,842.484982,0.980109
50,404,384,788,834.803751,0.980874
50,406,378,784,834.624782,0.978142
50,411,383,794,842.916812,0.979672
50,402,381,783,829.602825,0.981421
50,411,383,794,839.119889,0.982404
50,402,381,783,829.987257,0.980109
50,404,378,782,829.600000,0.980984
50,405,376,781,830.561367,0.977377
50,404,384,788,830.859645,0.981530
50,404,382,786,833.843478,0.978033
50,404,380,784,829.989587,0.980000
50,406,384,790,835.278484,0.981311
50,400,383,783,827.017200,0.980656
50,406,384,790,834.410712,0.983716
50,409,382,791,840.805065,0.976831
50,402,383,785,832.782609,0.978361
50,410,383,793,841.269565,0.980656
50,403,380,783,831.142691,0.981749
50,403,384,787,832.106540,0.983060
50,401,384,785,834.039712,0.978361
50,409,381,790,839.254615,0.980328
50,402,381,783,830.564572,0.979891
50,403,381,784,831.914647,0.979016
50,411,384,795,843.391304,0.979126
50,412,387,799,847.241859,0.980437
50,408,390,798,841.597510,0.983497
50,412,386,798,845.104167,0.979672
50,407,386,793,838.741186,0.980765
50,400,380,780,823.088456,0.983169
50,400,381,781,826.049012,0.981202
50,405,391,796,840.069204,0.984372
50,412,393,805,851.334951,0.982295
50,408,381,789,837.803180,0.977377
50,406,382,788,836.353091,0.978579
50,401,385,786,828.369039,0.982732
50,402,377,779,823.362597,0.982077
50,405,386,791,834.407424,0.982077
50,408,382,790,838.475815,0.979016
50,406,381,787,835.001160,0.978798
50,407,383,790,836.922543,0.981093
50,409,382,791,841.195955,0.977158
50,410,387,797,841.901408,0.980984
50,408,392,800,843.415140,0.983825
50,404,378,782,828.543307,0.979891
50,405,386,791,833.638563,0.983169
50,407,378,785,832.686065,0.980656
50,409,381,790,835.085490,0.980984
50,404,383,787,830.666744,0.982077
50,412,384,796,845.334262,0.979235
50,402,382,784,830.662344,0.981749
50,407,385,792,834.692467,0.982842
50,405,387,792,836.619718,0.981421
50,411,384,795,844.664422,0.978142
50,406,385,791,836.045974,0.982077
50,410,384,794,839.798867,0.982077
50,407,382,789,833.739462,0.981639
50,398,377,775,822.650812,0.979344
50,404,381,785,831.336806,0.981639
50,410,386,796,844.745999,0.977158
50,405,382,787,834.227294,0.981749
50,403,378,781,827.100694,0.979672
50,402,382,784,829.413805,0.981311
50,404,382,786,832.492187,0.978251
50,403,385,788,832.202216,0.981749
50,410,385,795,843.586919,0.978361
50,408,388,796,842.011561,0.982186
50,412,391,803,847.945759,0.980874
50,399,378,777,824.773782,0.979891
50,409,384,793,841.952889,0.979126
50,408,384,792,839.332870,0.980437
50,405,381,786,835.781522,0.980219
50,409,383,792,837.006237,0.981530
50,403,378,781,829.597167,0.977705
50,408,390,798,843.249798,0.982623
50,406,381,787,837.136712,0.979563
50,405,381,786,829.611259,0.981749
50,403,379,782,829.696197,0.977377
50,411,387,798,843.639515,0.981639
50,406,386,792,833.636259,0.984481
50,407,378,785,836.078454,0.974426
50,403,384,787,829.900887,0.982295
50,398,380,778,822.210672,0.981093
50,410,389,799,844.891945,0.982077
50,404,381,785,831.144411,0.982951
50,411,378,789,841.906706,0.974973
50,404,385,789,837.414453,0.979563
50,408,392,800,844.193288,0.984153
50,409,380,789,840.436554,0.977049
50,411,386,797,842.193094,0.980328
50,405,375,780,830.366492,0.978579
50,406,386,792,838.555890,0.982295
50,407,380,787,832.395099,0.979672
50,410,392,802,843.773715,0.984918
50,406,384,790,838.184137,0.979672
50,405,387,792,837.199630,0.982077
50,408,390,798,843.737000,0.982186
50,406,384,790,838.281341,0.982514
50,407,385,792,840.696056,0.977486
50,412,382,794,843.112452,0.979016
50,401,380,781,828.539130,0.980984
50,406,383,789,836.250434,0.980546
50,408,389,797,842.095843,0.983716
50,410,378,788,837.032737,0.978798
50,403,379,782,832.301966,0.977158
50,403,385,788,830.189983,0.984372
50,404,382,786,833.746812,0.978033
50,406,385,791,835.370499,0.981858
50,410,386,796,839.585014,0.981421
50,408,385,793,839.032146,0.981530
50,402,384,786,831.529657,0.980656
50,407,382,789,835.379542,0.981858
50,408,382,790,837.892663,0.979563
50,408,386,794,839.313771,0.981858
50,404,381,785,829.608455,0.981858
50,409,384,793,840.684741,0.980765
50,407,391,798,839.855072,0.986120
50,403,380,783,830.853531,0.979016
50,403,384,787,833.069181,0.980546
50,410,390,800,847.418384,0.977377
50,405,383,788,833.549133,0.983060
50,413,389,802,851.310905,0.979781
50,406,391,797,838.802622,0.985137
50,407,381,788,836.256089,0.978689
50,411,387,798,841.597510,0.983388
50,401,380,781,828.827418,0.978361
50,408,384,792,839.527340,0.980874
50,407,386,793,840.392634,0.979781
50,407,384,791,837.884927,0.978689
50,409,376,785,837.540812,0.974645
50,403,375,778,831.332477,0.976175
50,411,385,796,843.474233,0.979235
50,406,383,789,837.317328,0.978798
50,409,384,793,840.003473,0.979016
50,406,385,791,838.273106,0.980000
50,404,383,787,837.428771,0.977814
50,408,379,787,835.776462,0.976393
50,400,382,782,828.063881,0.980109
50,407,391,798,839.661914,0.984372
50,406,380,786,835.005225,0.980546
50,408,385,793,842.735192,0.979235
50,406,386,792,837.974098,0.981093
50,407,376,783,832.978723,0.978579
50,403,385,788,835.287303,0.980874
50,409,389,798,840.919037,0.985137
50,408,379,787,838.599045,0.975956
50,408,389,797,840.930581,0.983825
50,417,387,804,851.064322,0.980874
50,402,383,785,830.087831,0.980656
50,411,385,796,847.103978,0.976940
50,404,382,786,831.241331,0.981093
50,410,386,796,841.622371,0.982623
50,404,381,785,832.300116,0.980656
50,399,376,775,824.084834,0.979126
50,410,387,797,842.290367,0.979126
50,402,384,786,829.228641,0.983169
50,405,390,795,839.788732,0.980219
50,405,381,786,833.360371,0.979344
50,406,385,791,833.926720,0.982842
50,400,376,776,824.381749,0.979016
50,401,382,783,824.922280,0.982732
50,413,390,803,847.554505,0.982404
50,408,385,793,838.353553,0.980328
50,413,391,804,847.925311,0.984153
50,406,384,790,835.664740,0.979891
50,404,385,789,833.739462,0.981749
50,406,383,789,835.863147,0.979781
50,403,384,787,832.683858,0.978361
50,404,383,787,829.805255,0.982623
50,400,382,782,828.447378,0.979563
50,405,381,786,830.665281,0.981202
50,406,382,788,837.129920,0.980437
50,403,380,783,831.914770,0.979344
50,405,380,785,833.265661,0.979563
50,403,382,785,832.396570,0.981311
50,402,384,786,832.203194,0.981967
50,402,377,779,826.321586,0.979781
50,407,381,788,836.547163,0.980765
50,412,388,800,849.385008,0.980328
50,402,381,783,828.355879,0.981421
50,409,384,793,840.782155,0.979235
50,405,384,789,834.993060,0.980874
50,409,381,790,839.059779,0.978033
50,401,383,784,827.404844,0.981858
50,403,387,790,835.471567,0.980219
50,406,390,796,839.681808,0.981858
50,410,377,787,838.208590,0.976393
50,406,380,786,836.073006,0.977705
50,402,384,786,830.473441,0.981530
50,406,387,793,839.614673,0.980219
50,408,379,787,837.039405,0.978798
50,414,389,803,850.793191,0.980984
50,405,379,784,833.751743,0.979016
50,411,385,796,842.693509,0.980984
50,407,382,789,836.347312,0.979891
50,408,381,789,836.347312,0.980000
50,411,386,797,843.752169,0.981421
50,406,380,786,834.230368,0.979672
50,410,382,792,840.013910,0.978689
50,408,385,793,838.256701,0.981749
50,404,387,791,833.926720,0.983169
50,411,386,797,844.338312,0.981967
50,413,383,796,845.236161,0.978033
50,406,381,787,833.261976,0.979454
50,412,385,797,846.101636,0.979016
50,409,386,795,843.195781,0.978579
50,408,393,801,846.126761,0.982186
50,401,381,782,828.927247,0.978033
50,405,382,787,831.914279,0.983388
50,411,381,792,839.527340,0.979126
50,403,383,786,828.750864,0.983169
50,408,391,799,842.457940,0.982077
50,408,386,794,841.452397,0.980656
50,407,387,794,838.829234,0.981421
50,407,377,784,831.336192,0.980109
50,410,388,798,842.957746,0.980437
50,404,389,793,837.192800,0.981967
50,403,381,784,828.934597,0.980000
50,412,382,794,842.916812,0.979454
50,402,380,782,830.273845,0.980109
50,407,391,798,841.694524,0.983388
50,405,381,786,838.216783,0.975628
50,408,386,794,839.895954,0.979344
50,409,381,790,840.132497,0.978033
50,401,379,780,828.246489,0.977596
50,403,382,785,830.952106,0.978470
50,404,383,787,834.517325,0.981967
50,409,385,794,843.895923,0.978361
50,406,384,790,836.341548,0.978033
50,407,381,788,837.129920,0.980656
50,408,381,789,838.289596,0.979235
50,407,385,792,837.006237,0.982732
50,404,383,787,832.491329,0.982404
50,406,386,792,838.652934,0.980437
50,407,384,791,838.273106,0.980328
50,405,380,785,834.912240,0.975956
50,405,383,788,833.838325,0.980984
50,410,378,788,837.421603,0.979016
50,405,388,793,839.226232,0.979563
50,407,386,793,841.074533,0.980656
50,408,387,795,837.564767,0.983279
50,406,382,788,836.062152,0.979126
50,411,388,799,847.536518,0.980000
50,409,383,792,842.455243,0.977705
50,407,385,792,837.877211,0.980656
50,406,378,784,830.758541,0.979563
50,412,386,798,846.672078,0.981202
50,403,378,781,829.500871,0.977596
50,403,385,788,831.434502,0.981202
50,411,384,795,846.729135,0.975191
50,403,379,782,828.735233,0.979563
50,403,382,785,827.219855,0.982295
50,409,388,797,841.124567,0.982186
50,399,378,777,822.578966,0.979563
50,403,384,787,830.570934,0.983060
50,405,381,786,832.106907,0.980656
50,410,387,797,846.396240,0.977049
50,404,386,790,836.728788,0.981093
50,409,390,799,843.527172,0.983825
50,404,378,782,829.311544,0.978798
50,407,389,796,842.206290,0.981749
50,401,384,785,831.048247,0.978907
50,408,383,791,836.335798,0.981093
50,405,381,786,835.975822,0.976831
50,414,391,805,850.450294,0.982514
50,404,385,789,833.932078,0.981421
50,405,378,783,832.688285,0.979235
50,404,385,789,836.056746,0.981858
50,406,385,791,836.142560,0.981858
50,414,391,805,850.352113,0.983607
50,405,380,785,834.912240,0.977596
50,402,384,786,832.588562,0.979672
50,408,385,793,839.420407,0.980546
50,407,386,793,838.063063,0.983497
50,400,380,780,824.038795,0.980984
50,408,382,790,839.157186,0.979454
50,410,384,794,843.112452,0.978361
50,407,387,794,835.549166,0.984044
50,403,384,787,832.491329,0.980000
50,409,385,794,840.381724,0.980328
50,408,388,796,843.474233,0.979891
50,403,381,784,831.625319,0.978142
50,411,385,796,842.303689,0.981311
50,408,387,795,838.143795,0.983825
50,404,384,788,835.384081,0.980656
50,411,383,794,846.846952,0.975956
50,404,375,779,830.267909,0.975410
50,413,393,806,849.055952,0.984918
50,401,385,786,830.953206,0.982077
50,408,387,795,840.662198,0.980109
50,408,379,787,835.873476,0.979672
50,404,384,788,831.530389,0.981749
50,400,376,776,823.999072,0.977814
50,404,385,789,830.669658,0.984481
50,413,391,804,847.925311,0.983169
50,403,379,782,828.447378,0.980984
50,407,387,794,836.607554,0.981639
50,405,384,789,835.379542,0.981749
50,409,383,792,839.527340,0.980328
50,404,387,791,836.529126,0.982732
50,411,383,794,842.525803,0.977596
50,407,388,795,838.433610,0.984262
50,412,385,797,842.777072,0.980000
50,407,384,791,837.690972,0.980765
50,403,380,783,829.314736,0.981202
50,406,386,792,834.980989,0.981202
50,405,381,786,833.843478,0.981093
50,401,380,781,828.539130,0.980984
50,407,383,790,834.796166,0.981639
50,406,389,795,838.626931,0.982951
50,404,377,781,831.624578,0.977049
50,406,382,788,835.965217,0.979126
50,408,385,793,841.757541,0.979235
50,403,386,789,831.626541,0.982514
50,413,385,798,845.397708,0.980546
50,400,387,787,836.261758,0.976284
50,408,387,795,838.047235,0.982077
50,410,389,799,844.599122,0.980109
50,412,385,797,843.947460,0.980984
50,408,389,797,846.298016,0.978689
50,409,384,793,840.100729,0.979781
50,403,378,781,827.675469,0.980219
50,404,383,787,834.227294,0.979672
50,406,386,792,837.102922,0.980000
50,403,380,783,829.122787,0.982077
50,407,392,799,841.972820,0.982951
50,406,388,794,837.668627,0.983497
50,405,384,789,834.799954,0.981093
50,409,378,787,837.039405,0.977377
50,404,377,781,831.237641,0.979016
50,404,384,788,835.965217,0.979126
50,406,375,781,832.205660,0.975082
50,410,379,789,838.874041,0.976066
50,403,377,780,829.401511,0.977377
50,405,380,785,832.107275,0.980000
50,404,384,788,831.626298,0.981749
50,409,384,793,841.172038,0.979563
50,406,384,790,832.584658,0.982951
50,409,385,794,844.288205,0.978798
50,406,383,789,834.993060,0.980656
50,407,383,790,834.603395,0.981311
50,406,382,788,833.645508,0.980546
50,403,383,786,829.994230,0.981093
50,407,386,793,840.295310,0.980109
50,402,380,782,827.776492,0.979454
50,406,385,791,838.758836,0.978579
50,404,383,787,829.900887,0.983388
50,402,378,780,826.041667,0.979781
50,409,387,796,840.845070,0.981639
50,405,384,789,837.414453,0.979563
50,408,382,790,838.573086,0.980328
50,405,384,789,832.297671,0.982186
50,414,387,801,847.398543,0.981749
50,408,385,793,836.710101,0.983279
50,409,386,795,839.982679,0.981202
50,403,380,783,825.968411,0.984262
50,406,387,793,836.999654,0.983716
50,405,381,786,834.617616,0.980328
50,404,385,789,837.414453,0.978033
50,402,385,787,830.666744,0.981858
50,405,380,785,831.529289,0.981967
50,413,387,800,847.909186,0.982077
50,403,378,781,829.597167,0.978470
50,406,382,788,836.256089,0.980328
50,410,383,793,840.977051,0.978470
50,405,383,788,835.190548,0.979563
50,406,382,788,835.771415,0.981749
50,410,379,789,840.730174,0.976393
50,409,388,797,839.381906,0.981858
50,408,388,796,842.498554,0.981639
50,404,385,789,833.643187,0.980765
50,411,385,796,842.888555,0.982077
50,408,388,796,842.986111,0.980765
50,406,384,790,837.504345,0.977158
50,413,387,800,847.516499,0.980219
50,413,390,803,845.409044,0.983388
50,403,387,790,834.121856,0.981967
50,407,386,793,838.256701,0.982514
50,404,380,784,830.662344,0.982732
50,408,387,795,838.433610,0.982623
50,400,381,781,826.717955,0.979781
50,401,381,782,828.447378,0.980656
50,404,385,789,834.221169,0.981311
50,408,381,789,839.556925,0.977268
50,406,378,784,833.461136,0.978142
50,408,385,793,838.450428,0.981530
50,405,378,783,832.978723,0.977268
50,410,382,792,841.281635,0.978579
50,402,384,786,828.941909,0.984809
50,405,384,789,832.873789,0.982951
50,414,389,803,850.596203,0.980109
50,406,384,790,835.085490,0.979126
50,408,386,794,842.721262,0.979454
50,409,382,791,834.792388,0.982404
50,402,382,784,830.373886,0.979891
50,405,385,790,834.410712,0.983060
50,404,382,786,833.456948,0.979126
50,400,383,783,829.987257,0.979781
50,403,381,784,830.566169,0.983607
50,407,378,785,834.718187,0.979563
50,408,379,787,834.034051,0.980546
50,405,381,786,833.263816,0.979454
50,405,386,791,837.400208,0.980765
50,403,381,784,834.042553,0.975738
50,406,376,782,834.437318,0.977923
50,406,387,793,835.650121,0.983934
50,403,379,782,835.801892,0.973880
50,408,388,796,840.069204,0.981093
50,406,387,793,835.553892,0.982404
50,400,378,778,824.209795,0.980546
50,402,385,787,833.551337,0.982077
50,398,377,775,823.128265,0.978251
50,408,381,789,836.541136,0.980437
50,409,384,793,839.906239,0.981421
50,413,386,799,845.575989,0.981202
50,401,375,776,821.140280,0.981202
50,401,377,778,827.852076,0.977596
50,409,391,800,840.027542,0.984918
50,404,384,788,837.908193,0.978142
50,402,384,786,833.650168,0.979126
50,406,387,793,838.256701,0.982186
50,410,381,791,838.856050,0.979454
50,407,381,788,837.324353,0.979126
50,409,387,796,841.816921,0.980874
50,412,390,802,847.770333,0.981311
50,406,381,787,834.904348,0.978470
50,407,388,795,838.723625,0.983497
50,411,387,798,842.082805,0.983060
50,406,380,786,834.908289,0.978579
50,406,379,785,834.621195,0.976831
50,400,380,780,825.372962,0.981530
50,401,382,783,827.781629,0.982186
50,404,383,787,835.097994,0.979672
50,414,390,804,849.884473,0.980328
50,411,384,795,841.537483,0.981093
50,410,386,796,841.427911,0.984809
50,411,393,804,848.120821,0.982404
50,402,379,781,829.019722,0.978579
50,402,383,785,833.072373,0.980000
50,407,382,789,838.971528,0.976940
50,406,380,786,832.877823,0.980109
50,411,392,803,847.359013,0.983060
50,409,388,797,842.193094,0.982732
50,410,387,797,840.736684,0.984699
50,407,378,785,832.782609,0.978033
50,403,380,783,828.930927,0.977814
50,410,387,797,842.679686,0.980109
50,412,383,795,842.414592,0.979563
50,410,383,793,837.192800,0.982077
50,409,383,792,839.041334,0.980546
50,407,385,792,838.361870,0.980000
50,402,386,788,833.260141,0.981639
50,400,387,787,830.187918,0.982295
50,409,385,794,841.354951,0.980437
50,404,386,790,836.051353,0.980109
50,412,380,792,841.379310,0.980219
50,407,374,781,833.273088,0.975301
50,412,388,800,844.095941,0.981421
50,408,389,797,840.930581,0.982295
50,406,378,784,832.107644,0.979672
50,402,382,784,828.934597,0.981530
50,403,377,780,825.850498,0.978470
50,402,383,785,826.743785,0.984590
50,400,381,781,825.762653,0.980546
50,411,388,799,846.457103,0.979454
50,408,384,792,839.041334,0.980984
50,412,383,795,844.272284,0.980328
50,408,378,786,834.908289,0.976721
50,408,390,798,838.119835,0.985027
50,404,378,782,832.301966,0.978798
50,408,383,791,838.856050,0.978033
50,405,384,789,834.703434,0.983716
50,402,381,783,830.949896,0.979344
50,406,381,787,834.420626,0.978142
50,402,381,783,826.063646,0.983716
50,403,380,783,830.757189,0.979235
50,409,383,792,835.462301,0.982295
50,406,379,785,829.800139,0.981749
50,403,377,780,831.333722,0.977923
50,405,381,786,834.133612,0.977705
50,406,377,783,830.660870,0.979016
50,410,391,801,842.527877,0.983716
50,406,385,791,835.370499,0.980546
50,407,381,788,837.324353,0.979781
50,410,382,792,840.501044,0.978798
50,405,383,788,835.868305,0.976393
50,405,382,787,835.001160,0.977486
50,406,388,794,837.282471,0.982951
50,402,380,782,830.273845,0.980109
50,405,380,785,834.039712,0.978907
50,400,380,780,824.038795,0.982951
50,412,380,792,842.651163,0.978033
50,404,382,786,832.684960,0.979344
50,406,387,793,836.420749,0.983279
50,403,385,788,833.067591,0.981639
50,404,389,793,838.063063,0.982951
50,405,380,785,830.663814,0.980000
50,411,382,793,840.684741,0.981421
50,409,384,793,841.269565,0.977814
50,405,386,791,834.311239,0.982295
50,404,380,784,833.751743,0.977596
50,413,381,794,844.484482,0.978251
50,408,382,790,839.547038,0.977705
50,406,386,792,836.426593,0.981530
50,406,388,794,840.576189,0.981858
50,404,385,789,833.066005,0.983825
50,402,378,780,829.016146,0.978142
50,411,393,804,848.218609,0.980984
50,410,384,794,843.112452,0.978907
50,402,377,779,827.376669,0.977814
50,407,382,789,837.900418,0.979563
50,410,380,790,836.535123,0.982842
50,404,381,785,831.529289,0.981858
50,403,384,787,834.323949,0.979344
50,409,390,799,842.652144,0.983716
50,408,392,800,841.766329,0.984481
50,402,383,785,831.336806,0.980874
50,403,379,782,830.852299,0.978579
50,399,382,781,826.622325,0.980546
50,411,381,792,840.696056,0.979235
50,411,387,798,844.908586,0.983279
50,409,386,795,839.885694,0.980874
50,406,385,791,836.335798,0.981639
50,402,385,787,833.069181,0.980109
50,406,384,790,835.858002,0.981202
50,413,381,794,843.895923,0.977158
50,406,388,794,836.896671,0.984590
50,402,375,777,824.391234,0.979344
50,407,383,790,835.761360,0.982514
50,408,387,795,839.691793,0.983060
50,409,381,790,835.858002,0.980000
50,414,384,798,848.048780,0.976503
50,408,387,795,838.433610,0.982514
50,407,386,793,841.367115,0.978579
50,409,387,796,844.550093,0.980328
50,404,382,786,834.908289,0.977596
50,401,383,784,830.373886,0.979016
50,400,384,784,827.882285,0.981858
50,408,389,797,845.219054,0.978689
50,404,383,787,832.587582,0.980656
50,405,383,788,837.227125,0.981421
50,415,389,804,854.425087,0.978142
50,402,382,784,829.509713,0.981530
50,408,388,796,841.914230,0.981967
50,407,386,793,836.903114,0.984044
50,412,386,798,846.377652,0.980874
50,403,385,788,833.934768,0.982623
50,407,379,786,833.746812,0.980328
50,400,382,782,827.011096,0.981093
50,410,381,791,838.176028,0.979235
50,409,388,797,841.901408,0.981749
50,405,382,787,836.164654,0.981749
50,402,385,787,830.570934,0.981639
50,407,380,787,832.587582,0.981967
50,408,384,792,838.264893,0.981749
50,407,385,792,838.944200,0.979454
50,402,378,780,825.468425,0.979891
50,409,389,798,844.127168,0.982295
50,402,379,781,828.539130,0.979235
50,403,381,784,830.181692,0.979563
50,403,387,790,833.448634,0.983169
50,410,383,793,839.711839,0.981421
50,404,385,789,832.681661,0.982077
50,406,383,789,834.799954,0.981530
50,406,378,784,833.364312,0.979344
50,399,382,781,824.143697,0.982623
50,413,381,794,846.452289,0.977923
50,406,378,784,833.945594,0.977596
50,410,381,791,840.805065,0.977377
50,406,386,792,841.965842,0.977596
50,412,381,793,844.402421,0.978689
50,412,384,796,844.843986,0.978361
50,404,382,786,832.974288,0.980000
50,407,380,787,836.942120,0.977049
50,403,378,781,828.155059,0.979016
50,408,381,789,838.581717,0.978033
50,410,385,795,839.401108,0.980874
50,409,382,791,839.245130,0.982186
50,411,384,795,842.024540,0.981311
50,407,387,794,841.744873,0.978470
50,398,379,777,826.403580,0.978579
50,405,390,795,837.661216,0.983060
50,408,387,795,843.880510,0.978251
50,403,380,783,827.781629,0.979672
50,409,382,791,837.400208,0.979563
50,403,378,781,831.140963,0.976831
50,402,381,783,826.349481,0.982295
50,405,389,794,837.668627,0.983825
50,410,390,800,846.047157,0.981311
50,406,384,790,837.019453,0.980656
50,411,381,792,838.555890,0.980219
50,408,385,793,837.869515,0.983169
50,409,389,798,841.888620,0.982404
50,407,386,793,838.256701,0.980437
50,412,389,801,846.224454,0.981639
50,411,378,789,838.776577,0.977158
50,402,379,781,827.771343,0.978470
50,403,379,782,829.023288,0.980328
50,402,383,785,829.225352,0.983607
50,406,378,784,832.493907,0.977705
50,408,386,794,838.442008,0.982077
50,400,379,779,823.267498,0.980874
50,405,383,788,834.610487,0.979781
50,401,385,786,826.085458,0.984809
50,407,384,791,840.121880,0.977596
50,406,387,793,836.324343,0.981749
50,406,385,791,838.176028,0.979781
50,407,384,791,838.078972,0.979891
50,406,385,791,838.273106,0.979891
50,410,381,791,840.902754,0.978470
50,402,380,782,826.724437,0.983716
50,403,387,790,836.244794,0.979781
50,405,388,793,836.035258,0.983060
50,410,384,794,841.062746,0.980874
50,405,380,785,831.240597,0.982732
50,410,385,795,840.662198,0.983169
50,404,392,796,841.719635,0.980765
50,402,385,787,832.491329,0.983607
50,407,388,795,840.467938,0.982623
50,404,383,787,831.242064,0.983279
50,404,381,785,831.818182,0.980437
50,405,383,788,837.324353,0.978798
50,402,384,786,826.940324,0.983169
50,406,389,795,841.148242,0.982732
50,405,379,784,829.509713,0.981530
50,403,384,787,830.666744,0.982732
50,404,378,782,829.792416,0.979781
50,403,382,785,830.087831,0.982842
50,408,379,787,834.710792,0.978579
50,404,383,787,832.106540,0.981202
50,407,383,790,840.621002,0.980109
50,407,387,794,838.055139,0.980219
50,412,388,800,847.810980,0.981639
50,408,385,793,839.711839,0.978907
50,404,383,787,832.587582,0.980219
50,401,376,777,824.869474,0.976721
50,414,388,802,847.476614,0.982077
50,406,383,789,832.297671,0.982186
50,408,380,788,835.384081,0.979126
50,399,374,773,824.161035,0.975738
50,404,383,787,836.942120,0.977268
50,405,386,791,837.400208,0.979563
50,413,389,802,850.422992,0.978689
50,408,388,796,838.135788,0.984590
50,404,385,789,831.722350,0.982077
50,407,385,792,838.652934,0.981421
50,402,382,784,827.023288,0.978361
50,406,383,789,834.317578,0.982295
50,408,385,793,840.198008,0.981202
50,407,389,796,839.488243,0.984809
50,407,385,792,838.944200,0.980000
50,409,380,789,838.679136,0.979781
50,400,381,781,826.144509,0.981530
50,410,381,791,837.109646,0.980219
50,405,387,792,834.788619,0.983169
50,410,381,791,838.758836,0.979781
