100,100,100,100,100,100,100,100,100,100,100,100,100,100,100,100,100,100,100,100,100,100,100,100,100,100,100,100
0,0,0,8,5,23,232,195,131,97,41,23,10,31,28,71,105,122,171,0,0,0,0,0,0,0,0,0
0,0,0,0,5,13,236,207,140,94,45,18,9,19,39,79,93,129,162,0,0,0,0,0,0,0,0,0
0,0,0,1,2,9,227,187,149,90,35,30,8,19,43,79,116,143,136,0,0,0,0,0,0,0,0,0
0,0,0,0,6,6,241,180,136,98,50,28,16,28,31,67,105,123,171,0,0,0,0,0,0,0,0,0
0,0,0,1,3,14,230,175,149,96,40,24,21,28,48,67,92,128,166,0,0,0,0,0,0,0,0,0
0,0,0,2,5,10,238,205,139,83,51,24,13,25,49,71,98,112,164,0,0,0,0,0,0,0,0,0
0,0,0,2,4,10,235,186,132,84,56,20,16,29,51,68,109,122,149,0,0,0,0,0,0,0,0,0
0,0,1,2,8,12,216,209,129,93,44,25,14,18,43,67,119,104,166,0,0,0,0,0,0,0,0,0
0,0,0,1,3,14,219,215,143,75,58,25,12,21,38,70,109,137,146,0,0,0,0,0,0,0,0,0
0,0,3,4,3,19,245,197,117,79,49,17,19,22,58,66,119,118,146,0,0,0,0,0,0,0,0,0
0,0,2,3,7,11,216,218,141,76,40,22,17,30,42,80,99,126,155,0,0,0,0,0,0,0,0,0
0,0,0,1,5,15,231,195,152,84,43,10,13,31,48,86,106,123,134,0,0,0,0,0,0,0,0,0
0,0,0,1,5,12,258,172,128,73,50,26,9,21,44,77,104,132,155,0,0,0,0,0,0,0,0,0
0,0,0,0,4,15,239,205,136,90,35,29,17,14,49,77,98,127,151,0,0,0,0,0,0,0,0,0
0,0,0,2,10,17,219,202,143,93,38,24,9,17,51,77,100,135,141,0,0,0,0,0,0,0,0,0
0,0,0,2,3,21,254,154,129,88,54,22,11,26,46,95,100,129,148,0,0,0,0,0,0,0,0,0
0,0,0,2,4,17,221,178,141,84,47,20,18,25,41,77,102,131,164,0,0,0,0,0,0,0,0,0
0,0,0,3,5,19,197,203,161,90,42,22,22,14,38,71,121,121,147,0,0,0,0,0,0,0,0,0
0,0,0,0,4,7,239,191,123,85,48,13,15,34,57,65,99,145,144,0,0,0,0,0,0,0,0,0
0,0,0,2,1,5,241,187,140,90,59,25,10,17,34,74,93,143,147,0,0,0,0,0,0,0,0,0
0,0,0,0,1,15,222,185,141,89,37,24,9,20,47,72,110,145,154,0,0,0,0,0,0,0,0,0
0,0,0,1,4,13,255,190,134,99,35,23,10,26,47,71,129,119,140,0,0,0,0,0,0,0,0,0
0,0,0,0,3,15,236,163,139,91,49,25,14,28,50,70,104,130,148,0,0,0,0,0,0,0,0,0
0,0,0,1,1,14,257,187,135,88,40,24,9,13,44,87,103,131,152,0,0,0,0,0,0,0,0,0
0,0,0,2,2,11,224,175,140,76,39,16,14,23,41,78,111,146,153,0,0,0,0,0,0,0,0,0
0,0,0,1,4,13,247,169,148,86,51,26,11,20,46,69,105,129,158,0,0,0,0,0,0,0,0,0
0,0,1,0,3,17,218,200,139,77,41,22,13,34,45,85,99,125,141,0,0,0,0,0,0,0,0,0
0,0,0,0,1,10,239,185,137,99,51,22,8,13,39,65,97,155,152,0,0,0,0,0,0,0,0,0
0,0,0,0,8,6,245,212,159,88,49,22,10,19,48,57,114,118,141,0,0,0,0,0,0,0,0,0
0,0,0,0,4,15,261,187,141,69,54,29,19,22,32,69,94,143,142,0,0,0,0,0,0,0,0,0
0,0,1,1,6,10,224,186,145,79,44,22,16,23,51,79,111,129,157,0,0,0,0,0,0,0,0,0
0,0,0,1,4,8,246,211,128,89,39,19,17,31,49,69,104,121,146,0,0,0,0,0,0,0,0,0
0,0,1,2,0,15,230,182,133,95,39,21,18,19,47,60,103,143,167,0,0,0,0,0,0,0,0,0
0,0,1,2,9,18,244,193,120,97,47,23,13,13,37,79,106,117,152,0,0,0,0,0,0,0,0,0
0,0,0,1,4,15,209,206,147,88,54,19,8,21,45,64,102,145,148,0,0,0,0,0,0,0,0,0
0,0,0,0,3,10,225,175,147,95,53,23,14,18,42,76,111,123,164,0,0,0,0,0,0,0,0,0
0,0,1,3,3,10,221,207,143,91,42,22,10,24,48,79,87,126,158,0,0,0,0,0,0,0,0,0
0,0,2,1,3,20,218,169,144,75,51,24,18,28,38,65,106,129,171,0,0,0,0,0,0,0,0,0
0,0,0,1,4,10,228,189,139,89,41,23,10,29,45,62,103,131,165,0,0,0,0,0,0,0,0,0
0,0,1,0,2,7,232,179,135,71,46,25,11,23,42,74,126,123,160,0,0,0,0,0,0,0,0,0
0,0,1,2,5,11,240,201,149,74,56,14,13,20,31,72,95,133,158,0,0,0,0,0,0,0,0,0
0,0,1,1,2,15,239,164,164,80,34,28,7,26,55,77,102,117,165,0,0,0,0,0,0,0,0,0
0,0,0,1,6,13,241,171,150,91,49,29,9,16,38,70,124,118,150,0,0,0,0,0,0,0,0,0
0,0,0,2,7,16,207,170,144,88,43,16,9,25,45,78,108,139,156,0,0,0,0,0,0,0,0,0
0,0,1,0,4,13,239,193,148,113,42,22,9,22,47,71,100,123,139,0,0,0,0,0,0,0,0,0
0,0,0,0,6,20,237,185,145,86,33,22,10,16,51,61,105,140,161,0,0,0,0,0,0,0,0,0
0,0,0,2,6,15,246,191,140,78,43,17,15,30,43,79,109,119,145,0,0,0,0,0,0,0,0,0
0,0,0,1,5,9,248,202,139,77,45,30,13,26,58,59,101,135,145,0,0,0,0,0,0,0,0,0
0,0,0,1,2,11,235,178,120,88,68,28,10,22,37,84,116,123,140,0,0,0,0,0,0,0,0,0
0,0,0,1,8,14,247,199,142,84,39,22,12,25,45,52,92,145,158,0,0,0,0,0,0,0,0,0
0,0,0,4,3,17,245,191,138,78,53,27,9,20,45,71,118,123,145,0,0,0,0,0,0,0,0,0
0,0,0,2,3,15,244,180,143,77,50,8,16,30,42,73,105,129,159,0,0,0,0,0,0,0,0,0
0,0,1,0,7,12,229,172,132,87,50,26,13,23,37,75,109,149,143,0,0,0,0,0,0,0,0,0
0,0,0,4,4,17,239,163,133,78,39,19,15,18,54,78,110,144,156,0,0,0,0,0,0,0,0,0
0,0,1,0,0,10,255,190,133,96,54,22,18,20,38,70,99,119,151,0,0,0,0,0,0,0,0,0
0,0,1,2,1,18,249,185,134,89,49,17,22,23,35,71,106,141,138,0,0,0,0,0,0,0,0,0
0,0,0,0,2,12,230,199,137,91,58,19,15,16,40,58,116,116,164,0,0,0,0,0,0,0,0,0
0,0,0,2,2,13,235,205,124,95,42,14,13,28,50,66,103,120,161,0,0,0,0,0,0,0,0,0
0,0,0,1,4,10,215,204,150,99,34,24,12,23,44,67,113,130,142,0,0,0,0,0,0,0,0,0
0,0,0,2,3,11,248,209,147,90,52,18,12,23,37,72,109,113,151,0,0,0,0,0,0,0,0,0
0,0,0,3,2,12,226,218,150,72,65,21,10,14,39,65,103,139,143,0,0,0,0,0,0,0,0,0
0,0,1,2,5,13,212,195,148,82,47,25,13,22,51,80,108,120,150,0,0,0,0,0,0,0,0,0
0,0,1,1,6,14,242,194,134,96,46,14,10,16,48,69,99,125,160,0,0,0,0,0,0,0,0,0
0,0,0,1,6,22,230,180,147,78,44,14,10,21,55,59,113,140,155,0,0,0,0,0,0,0,0,0
0,0,0,2,8,15,253,179,129,91,42,12,10,18,42,78,94,127,166,0,0,0,0,0,0,0,0,0
0,0,0,3,3,8,230,178,133,91,55,21,7,26,42,73,113,129,152,0,0,0,0,0,0,0,0,0
0,0,0,2,4,16,245,203,132,88,46,18,9,9,52,74,101,128,140,0,0,0,0,0,0,0,0,0
0,0,0,0,5,10,233,198,139,84,45,24,11,22,36,75,108,120,163,0,0,0,0,0,0,0,0,0
0,0,0,1,7,9,216,226,146,101,50,23,12,21,45,68,106,116,142,0,0,0,0,0,0,0,0,0
0,0,0,4,6,17,205,182,137,82,47,22,18,23,47,69,99,144,161,0,0,0,0,0,0,0,0,0
0,0,0,2,10,8,230,201,144,94,56,24,16,26,38,73,122,100,144,0,0,0,0,0,0,0,0,0
0,0,0,1,7,9,232,192,148,104,41,25,7,32,41,66,91,128,147,0,0,0,0,0,0,0,0,0
0,0,0,2,4,14,215,203,139,84,47,19,11,22,49,75,100,115,172,0,0,0,0,0,0,0,0,0
0,0,0,0,6,8,244,202,144,96,47,19,14,19,47,61,103,98,175,0,0,0,0,0,0,0,0,0
0,0,1,2,7,21,246,205,150,100,56,18,7,19,37,73,91,133,134,0,0,0,0,0,0,0,0,0
0,0,0,1,6,17,218,210,135,72,49,18,13,26,51,78,102,128,161,0,0,0,0,0,0,0,0,0
0,0,0,3,5,12,229,202,132,84,54,18,8,17,47,74,98,135,151,0,0,0,0,0,0,0,0,0
0,0,0,0,7,12,261,172,118,87,53,23,20,25,53,68,96,123,153,0,0,0,0,0,0,0,0,0
0,0,0,2,7,8,223,173,134,91,55,12,10,23,48,81,105,150,145,0,0,0,0,0,0,0,0,0
0,0,0,2,5,14,226,208,132,71,43,26,22,21,54,68,109,114,165,0,0,0,0,0,0,0,0,0
0,0,1,3,5,17,241,195,127,95,47,12,9,23,40,73,107,132,157,0,0,0,0,0,0,0,0,0
0,0,0,5,3,11,228,197,165,93,44,18,10,24,32,74,92,131,148,0,0,0,0,0,0,0,0,0
0,0,0,0,4,20,230,192,137,91,51,19,22,15,37,58,101,143,160,0,0,0,0,0,0,0,0,0
0,0,1,3,3,19,227,203,154,101,45,21,13,17,39,82,98,116,158,0,0,0,0,0,0,0,0,0
0,0,0,2,4,9,244,193,157,99,38,27,18,23,36,70,91,120,146,0,0,0,0,0,0,0,0,0
0,0,0,4,2,16,209,200,154,91,53,25,18,16,40,59,104,141,136,0,0,0,0,0,0,0,0,0
0,0,0,3,3,13,211,209,163,85,59,14,11,15,53,66,104,129,148,0,0,0,0,0,0,0,0,0
0,0,0,1,2,21,217,204,152,85,55,27,11,18,43,58,115,115,161,0,0,0,0,0,0,0,0,0
0,0,0,1,6,11,246,207,145,76,47,17,9,15,52,79,101,105,159,0,0,0,0,0,0,0,0,0
0,0,0,2,7,16,264,191,116,86,48,14,13,24,49,72,87,134,158,0,0,0,0,0,0,0,0,0
0,0,1,4,3,14,210,205,144,86,55,19,10,24,30,91,95,140,146,0,0,0,0,0,0,0,0,0
0,0,1,0,6,18,221,217,127,90,66,25,13,21,47,72,105,125,121,0,0,0,0,0,0,0,0,0
0,0,0,2,9,14,234,178,136,86,38,16,15,23,57,69,84,136,158,0,0,0,0,0,0,0,0,0
0,0,0,1,7,16,228,198,128,95,45,13,22,27,43,75,110,136,138,0,0,0,0,0,0,0,0,0
0,0,0,1,6,15,201,201,146,77,52,19,13,23,52,73,94,138,160,0,0,0,0,0,0,0,0,0
0,0,0,2,3,21,228,194,133,79,42,26,14,19,63,79,120,122,132,0,0,0,0,0,0,0,0,0
0,0,0,2,1,11,210,186,138,94,44,29,12,18,40,75,122,138,151,0,0,0,0,0,0,0,0,0
0,0,1,0,6,18,249,206,147,79,45,23,11,26,46,70,108,118,135,0,0,0,0,0,0,0,0,0
0,0,0,3,1,9,240,197,153,92,45,22,23,23,44,71,89,122,149,0,0,0,0,0,0,0,0,0
0,0,0,0,5,11,215,200,126,108,55,21,13,16,40,79,100,129,150,0,0,0,0,0,0,0,0,0
