NUM_CAMPS,MB_HOURS,OB_HOURS,MB_TRIPS,OB_TRIPS,TOTAL_TRIPS,OPTIMAL_TRIPS_TOTAL,CAMP_POPULATION_PERCENTAGE
100,100.000000,100.000000,100,100,100,100.000000,100.000000
180,12.000000,8.000000,1116,1263,2379,2769.055124,0.905039
180,12.000000,8.000000,1106,1255,2361,2743.837849,0.905586
180,12.000000,8.000000,1125,1266,2391,2764.171551,0.908015
180,12.000000,8.000000,1135,1243,2378,2743.365671,0.909988
180,12.000000,8.000000,1118,1264,2382,2758.025941,0.906618
180,12.000000,8.000000,1143,1279,2422,2808.684387,0.908865
180,12.000000,8.000000,1081,1250,2331,2721.648235,0.899514
180,12.000000,8.000000,1115,1262,2377,2752.817213,0.905738
180,12.000000,8.000000,1137,1270,2407,2780.521831,0.910140
180,12.000000,8.000000,1142,1252,2394,2757.092511,0.913631
180,12.000000,8.000000,1129,1259,2388,2757.896361,0.911779
180,12.000000,8.000000,1120,1260,2380,2760.756418,0.907863
180,12.000000,8.000000,1122,1252,2374,2738.751094,0.907772
180,12.000000,8.000000,1134,1280,2414,2777.989100,0.910534
180,12.000000,8.000000,1097,1252,2349,2731.916111,0.905981
180,12.000000,8.000000,1128,1250,2378,2740.294560,0.908318
180,12.000000,8.000000,1124,1254,2378,2759.116590,0.907165
180,12.000000,8.000000,1140,1271,2411,2781.728196,0.909775
180,12.000000,8.000000,1145,1270,2415,2792.309312,0.909806
180,12.000000,8.000000,1125,1267,2392,2767.270045,0.908470
180,12.000000,8.000000,1145,1262,2407,2770.611175,0.912447
180,12.000000,8.000000,1115,1252,2367,2741.621717,0.905981
180,12.000000,8.000000,1124,1260,2384,2756.272507,0.908197
180,12.000000,8.000000,1116,1265,2381,2748.751971,0.909047
180,12.000000,8.000000,1097,1248,2345,2756.362404,0.896721
180,12.000000,8.000000,1136,1248,2384,2758.208704,0.908531
180,12.000000,8.000000,1133,1268,2401,2779.341439,0.908834
180,12.000000,8.000000,1149,1271,2420,2812.007902,0.905889
180,12.000000,8.000000,1127,1270,2397,2760.065019,0.909684
180,12.000000,8.000000,1111,1242,2353,2723.969213,0.907286
180,12.000000,8.000000,1132,1270,2402,2767.176582,0.908227
180,12.000000,8.000000,1138,1253,2391,2758.652890,0.908166
180,12.000000,8.000000,1100,1253,2353,2757.206076,0.898786
180,12.000000,8.000000,1136,1258,2394,2760.663749,0.911536
180,12.000000,8.000000,1115,1256,2371,2747.510730,0.907438
180,12.000000,8.000000,1136,1266,2402,2775.232550,0.907590
180,12.000000,8.000000,1145,1271,2416,2799.164292,0.907073
180,12.000000,8.000000,1144,1270,2414,2794.881024,0.910109
180,12.000000,8.000000,1109,1264,2373,2758.951715,0.904857
180,12.000000,8.000000,1130,1250,2380,2760.853641,0.908227
180,12.000000,8.000000,1115,1255,2370,2729.357060,0.909988
180,12.000000,8.000000,1117,1252,2369,2758.097763,0.905282
180,12.000000,8.000000,1143,1284,2427,2797.738583,0.910656
180,12.000000,8.000000,1137,1263,2400,2764.775827,0.912174
180,12.000000,8.000000,1127,1260,2387,2764.495464,0.905373
180,12.000000,8.000000,1133,1260,2393,2746.147575,0.914876
180,12.000000,8.000000,1122,1267,2389,2756.538462,0.908318
180,12.000000,8.000000,1113,1252,2365,2741.136524,0.908409
180,12.000000,8.000000,1131,1274,2405,2781.235079,0.909472
180,12.000000,8.000000,1132,1292,2424,2807.840490,0.904979
180,12.000000,8.000000,1119,1266,2385,2778.493369,0.902064
180,12.000000,8.000000,1139,1241,2380,2735.135889,0.913145
180,12.000000,8.000000,1107,1248,2355,2751.523428,0.903886
180,12.000000,8.000000,1110,1258,2368,2743.648259,0.908349
180,12.000000,8.000000,1111,1253,2364,2736.895825,0.906436
180,12.000000,8.000000,1112,1233,2345,2710.992174,0.908986
180,12.000000,8.000000,1107,1257,2364,2756.953797,0.903218
180,12.000000,8.000000,1104,1258,2362,2765.489443,0.899271
180,12.000000,8.000000,1125,1272,2397,2768.096340,0.909563
180,12.000000,8.000000,1107,1271,2378,2777.017053,0.901548
180,12.000000,8.000000,1111,1243,2354,2731.847520,0.904068
180,12.000000,8.000000,1110,1264,2374,2745.867481,0.909381
180,12.000000,8.000000,1129,1275,2404,2768.125284,0.910777
180,12.000000,8.000000,1123,1256,2379,2749.816127,0.907286
180,12.000000,8.000000,1102,1265,2367,2755.379722,0.902641
180,12.000000,8.000000,1117,1273,2390,2782.841994,0.904281
180,12.000000,8.000000,1136,1253,2389,2754.319415,0.908591
180,12.000000,8.000000,1112,1260,2372,2752.445838,0.905009
180,12.000000,8.000000,1136,1267,2403,2765.716981,0.912781
180,12.000000,8.000000,1117,1260,2377,2739.525559,0.910716
180,12.000000,8.000000,1127,1279,2406,2776.834729,0.909229
180,12.000000,8.000000,1127,1264,2391,2779.781174,0.904523
180,12.000000,8.000000,1121,1248,2369,2745.579481,0.907559
180,12.000000,8.000000,1126,1252,2378,2726.464323,0.914299
180,12.000000,8.000000,1117,1256,2373,2752.345775,0.905647
180,12.000000,8.000000,1115,1273,2388,2795.136096,0.900455
180,12.000000,8.000000,1128,1266,2394,2764.438057,0.910959
180,12.000000,8.000000,1104,1246,2350,2744.124216,0.903309
180,12.000000,8.000000,1098,1258,2356,2737.930499,0.903370
180,12.000000,8.000000,1136,1286,2422,2809.871447,0.906132
180,12.000000,8.000000,1141,1276,2417,2778.917277,0.911566
180,12.000000,8.000000,1147,1273,2420,2798.385172,0.907377
180,12.000000,8.000000,1111,1253,2364,2739.591894,0.908075
180,12.000000,8.000000,1116,1252,2368,2731.350935,0.908197
180,12.000000,8.000000,1130,1282,2412,2782.492120,0.909715
180,12.000000,8.000000,1117,1275,2392,2757.585133,0.910231
180,12.000000,8.000000,1149,1264,2413,2784.620936,0.909988
180,12.000000,8.000000,1120,1254,2374,2758.264611,0.904159
180,12.000000,8.000000,1098,1259,2357,2732.441050,0.904766
180,12.000000,8.000000,1127,1248,2375,2755.538727,0.906497
180,12.000000,8.000000,1110,1256,2366,2754.799760,0.902034
180,12.000000,8.000000,1124,1253,2377,2755.045039,0.907590
180,12.000000,8.000000,1142,1278,2420,2781.395673,0.909350
180,12.000000,8.000000,1129,1270,2399,2760.823813,0.909897
180,12.000000,8.000000,1142,1279,2421,2796.400168,0.907650
180,12.000000,8.000000,1148,1271,2419,2789.981092,0.908895
180,12.000000,8.000000,1111,1241,2352,2739.370624,0.904979
180,12.000000,8.000000,1148,1281,2429,2795.446160,0.912052
180,12.000000,8.000000,1110,1265,2375,2784.471099,0.897359
180,12.000000,8.000000,1125,1259,2384,2759.274772,0.908804
