NUM_CAMPS,MB_HOURS,OB_HOURS,MB_TRIPS,OB_TRIPS,TOTAL_TRIPS,OPTIMAL_TRIPS_TOTAL,CAMP_POPULATION_PERCENTAGE
100,100.000000,100.000000,100,100,100,100.000000,100.000000
225,12.000000,8.000000,1575,1566,3141,3452.869367,0.949630
225,12.000000,8.000000,1576,1570,3146,3456.981399,0.947492
225,12.000000,8.000000,1587,1579,3166,3478.308608,0.950747
225,12.000000,8.000000,1580,1584,3164,3486.250636,0.947104
225,12.000000,8.000000,1585,1579,3164,3488.864787,0.946084
225,12.000000,8.000000,1603,1590,3193,3523.390014,0.943728
225,12.000000,8.000000,1586,1580,3166,3479.236949,0.947177
225,12.000000,8.000000,1594,1603,3197,3524.592348,0.945331
225,12.000000,8.000000,1595,1593,3188,3513.917443,0.946667
225,12.000000,8.000000,1587,1580,3167,3474.493752,0.948464
225,12.000000,8.000000,1594,1586,3180,3514.885107,0.945428
225,12.000000,8.000000,1577,1568,3145,3462.813536,0.946448
225,12.000000,8.000000,1592,1582,3174,3506.464812,0.942004
225,12.000000,8.000000,1587,1586,3173,3498.320436,0.946691
225,12.000000,8.000000,1575,1590,3165,3477.581123,0.949824
225,12.000000,8.000000,1579,1573,3152,3474.423087,0.945719
225,12.000000,8.000000,1567,1552,3119,3437.219308,0.946885
225,12.000000,8.000000,1577,1569,3146,3459.474148,0.950577
225,12.000000,8.000000,1591,1575,3166,3474.692806,0.947784
225,12.000000,8.000000,1582,1572,3154,3478.769655,0.946861
225,12.000000,8.000000,1573,1591,3164,3476.946276,0.948270
225,12.000000,8.000000,1590,1576,3166,3484.444831,0.944821
225,12.000000,8.000000,1588,1587,3175,3496.312615,0.947857
225,12.000000,8.000000,1608,1597,3205,3506.280389,0.951403
225,12.000000,8.000000,1570,1565,3135,3448.759652,0.947808
225,12.000000,8.000000,1572,1573,3145,3468.099708,0.947541
225,12.000000,8.000000,1581,1582,3163,3486.828331,0.948100
225,12.000000,8.000000,1591,1590,3181,3488.180111,0.950091
225,12.000000,8.000000,1589,1581,3170,3491.647049,0.947007
225,12.000000,8.000000,1574,1563,3137,3455.945819,0.947541
225,12.000000,8.000000,1593,1600,3193,3498.264462,0.951135
225,12.000000,8.000000,1584,1580,3164,3464.832447,0.949241
225,12.000000,8.000000,1573,1566,3139,3449.565629,0.948852
225,12.000000,8.000000,1589,1571,3160,3476.726165,0.947662
225,12.000000,8.000000,1625,1593,3218,3544.896731,0.947201
225,12.000000,8.000000,1593,1574,3167,3486.197701,0.947832
225,12.000000,8.000000,1581,1570,3151,3467.658025,0.948512
225,12.000000,8.000000,1586,1573,3159,3478.693402,0.947565
225,12.000000,8.000000,1600,1596,3196,3511.923888,0.949411
225,12.000000,8.000000,1585,1576,3161,3494.916221,0.944821
225,12.000000,8.000000,1574,1587,3161,3485.276751,0.944554
225,12.000000,8.000000,1595,1585,3180,3497.048769,0.948294
225,12.000000,8.000000,1585,1577,3162,3466.791373,0.949727
225,12.000000,8.000000,1554,1561,3115,3451.564182,0.945452
225,12.000000,8.000000,1580,1563,3143,3468.588180,0.945598
225,12.000000,8.000000,1589,1586,3175,3493.976507,0.946837
225,12.000000,8.000000,1561,1550,3111,3426.752227,0.945064
225,12.000000,8.000000,1572,1567,3139,3453.344511,0.946521
225,12.000000,8.000000,1573,1564,3137,3454.005107,0.947760
225,12.000000,8.000000,1594,1588,3182,3485.749062,0.949872
225,12.000000,8.000000,1598,1592,3190,3501.686217,0.947274
225,12.000000,8.000000,1581,1570,3151,3470.533517,0.947857
225,12.000000,8.000000,1563,1558,3121,3445.509692,0.945792
225,12.000000,8.000000,1569,1558,3127,3439.407640,0.946618
225,12.000000,8.000000,1570,1556,3126,3445.486790,0.946715
225,12.000000,8.000000,1571,1570,3141,3483.654545,0.944262
225,12.000000,8.000000,1590,1591,3181,3486.972872,0.948148
225,12.000000,8.000000,1578,1583,3161,3477.361805,0.945817
225,12.000000,8.000000,1597,1596,3193,3512.564455,0.949508
225,12.000000,8.000000,1583,1584,3167,3485.172787,0.945064
225,12.000000,8.000000,1583,1564,3147,3469.840537,0.945331
225,12.000000,8.000000,1577,1568,3145,3458.928762,0.950115
225,12.000000,8.000000,1579,1580,3159,3476.183254,0.947930
225,12.000000,8.000000,1603,1592,3195,3496.176385,0.951694
225,12.000000,8.000000,1594,1583,3177,3497.392589,0.948051
225,12.000000,8.000000,1563,1539,3102,3421.323529,0.946375
225,12.000000,8.000000,1593,1592,3185,3487.550860,0.951281
225,12.000000,8.000000,1604,1602,3206,3539.063003,0.945525
225,12.000000,8.000000,1569,1567,3136,3467.927163,0.944068
225,12.000000,8.000000,1580,1561,3141,3454.990917,0.949702
225,12.000000,8.000000,1574,1561,3135,3457.998473,0.945817
225,12.000000,8.000000,1581,1570,3151,3469.976598,0.949047
225,12.000000,8.000000,1586,1577,3163,3485.708455,0.946570
225,12.000000,8.000000,1577,1577,3154,3464.015738,0.947080
225,12.000000,8.000000,1563,1574,3137,3459.370480,0.947298
225,12.000000,8.000000,1583,1573,3156,3458.739453,0.951208
225,12.000000,8.000000,1599,1590,3189,3504.980247,0.950553
225,12.000000,8.000000,1590,1584,3174,3468.219574,0.950747
225,12.000000,8.000000,1570,1565,3135,3454.666800,0.948391
225,12.000000,8.000000,1582,1586,3168,3474.387385,0.948707
225,12.000000,8.000000,1593,1581,3174,3503.926484,0.946472
225,12.000000,8.000000,1579,1583,3162,3492.551907,0.946545
225,12.000000,8.000000,1581,1577,3158,3475.268602,0.949727
225,12.000000,8.000000,1600,1587,3187,3507.932127,0.948974
225,12.000000,8.000000,1577,1564,3141,3455.544794,0.948270
225,12.000000,8.000000,1575,1578,3153,3475.990656,0.946472
225,12.000000,8.000000,1585,1577,3162,3487.126366,0.946230
225,12.000000,8.000000,1585,1588,3173,3496.447974,0.943704
225,12.000000,8.000000,1571,1571,3142,3467.019965,0.946570
225,12.000000,8.000000,1573,1544,3117,3455.268011,0.943388
225,12.000000,8.000000,1591,1579,3170,3488.847161,0.948148
225,12.000000,8.000000,1593,1570,3163,3472.696184,0.948464
225,12.000000,8.000000,1573,1557,3130,3450.172672,0.949071
225,12.000000,8.000000,1574,1557,3131,3455.993486,0.945501
225,12.000000,8.000000,1591,1586,3177,3491.138911,0.948755
225,12.000000,8.000000,1576,1573,3149,3465.642290,0.946327
225,12.000000,8.000000,1587,1569,3156,3495.489025,0.943534
225,12.000000,8.000000,1592,1571,3163,3493.094223,0.944165
225,12.000000,8.000000,1596,1585,3181,3494.228871,0.949290
225,12.000000,8.000000,1583,1569,3152,3457.945220,0.950115
