100,100,100,100,100,100,100,100,100,100,100,100,100,100,100,100,100,100,100,100,100,100,100,100,100,100,100,100
0,0,0,0,0,0,0,9,299,124,44,7,0,7,32,42,102,140,150,0,0,0,0,0,0,0,0,0
0,0,0,0,0,0,0,10,327,109,45,8,0,6,31,62,99,129,137,0,0,0,0,0,0,0,0,0
0,0,0,0,0,0,0,7,326,115,34,6,0,6,30,64,100,125,138,0,0,0,0,0,0,0,0,0
0,0,0,0,0,0,0,16,322,108,49,7,0,2,30,56,84,130,165,0,0,0,0,0,0,0,0,0
0,0,0,0,0,0,0,9,301,122,53,18,0,10,32,41,93,109,179,0,0,0,0,0,0,0,0,0
0,0,0,0,0,0,0,15,320,127,43,5,0,6,29,57,93,134,139,0,0,0,0,0,0,0,0,0
0,0,0,0,0,0,0,8,293,113,39,6,0,9,34,69,105,113,165,0,0,0,0,0,0,0,0,0
0,0,0,0,0,0,0,5,287,134,43,12,0,12,35,58,84,133,158,0,0,0,0,0,0,0,0,0
0,0,0,0,0,0,0,7,323,105,45,16,0,7,36,52,71,125,168,0,0,0,0,0,0,0,0,0
0,0,0,0,0,0,0,7,336,128,54,12,0,8,27,52,78,119,149,0,0,0,0,0,0,0,0,0
0,0,0,0,0,0,0,10,334,125,41,11,1,9,23,54,100,108,154,0,0,0,0,0,0,0,0,0
0,0,0,0,0,0,0,10,355,123,33,8,0,6,26,65,84,123,142,0,0,0,0,0,0,0,0,0
0,0,0,0,0,0,0,10,341,113,39,12,1,8,29,62,90,111,156,0,0,0,0,0,0,0,0,0
0,0,0,0,0,0,0,9,341,98,49,9,0,11,25,58,91,114,164,0,0,0,0,0,0,0,0,0
0,0,0,0,0,0,0,13,313,123,41,2,0,7,34,55,94,135,148,0,0,0,0,0,0,0,0,0
0,0,0,0,0,0,0,8,324,118,42,9,0,7,29,51,85,118,172,0,0,0,0,0,0,0,0,0
0,0,0,0,0,0,0,11,323,109,38,8,0,9,27,53,93,133,155,0,0,0,0,0,0,0,0,0
0,0,0,0,0,0,0,5,322,110,45,12,0,10,32,57,111,117,146,0,0,0,0,0,0,0,0,0
0,0,0,0,0,0,0,7,334,98,49,13,0,8,36,48,83,131,149,0,0,0,0,0,0,0,0,0
0,0,0,0,0,0,0,15,327,117,43,7,0,6,23,53,91,121,148,0,0,0,0,0,0,0,0,0
0,0,0,0,0,0,0,4,307,130,46,7,0,5,38,49,90,130,147,0,0,0,0,0,0,0,0,0
0,0,0,0,0,0,0,12,342,110,42,9,0,8,23,64,96,119,152,0,0,0,0,0,0,0,0,0
0,0,0,0,0,0,0,6,326,120,44,12,0,5,35,39,94,113,166,0,0,0,0,0,0,0,0,0
0,0,0,0,0,0,0,6,307,97,44,11,0,13,17,57,108,140,154,0,0,0,0,0,0,0,0,0
0,0,0,0,0,0,0,7,307,125,45,7,0,3,26,72,89,123,154,0,0,0,0,0,0,0,0,0
0,0,0,0,0,0,0,9,302,136,46,7,0,4,33,54,101,115,157,0,0,0,0,0,0,0,0,0
0,0,0,0,0,0,0,8,329,119,43,9,0,8,33,60,97,114,153,0,0,0,0,0,0,0,0,0
0,0,0,0,0,0,0,14,321,123,54,10,0,7,32,53,92,121,148,0,0,0,0,0,0,0,0,0
0,0,0,0,0,0,0,4,331,105,36,9,1,7,26,56,87,124,170,0,0,0,0,0,0,0,0,0
0,0,0,0,0,0,0,15,296,127,53,8,0,10,25,59,94,138,136,0,0,0,0,0,0,0,0,0
0,0,0,0,0,0,0,18,338,111,39,9,0,6,24,52,108,119,159,0,0,0,0,0,0,0,0,0
0,0,0,0,0,0,0,7,305,127,45,8,0,7,33,66,110,109,142,0,0,0,0,0,0,0,0,0
0,0,0,0,0,0,0,13,354,96,52,10,0,8,27,53,96,119,141,0,0,0,0,0,0,0,0,0
0,0,0,0,0,0,0,6,336,109,42,6,0,11,27,60,75,130,166,0,0,0,0,0,0,0,0,0
0,0,0,0,0,0,0,9,328,123,43,10,0,10,27,48,83,127,153,0,0,0,0,0,0,0,0,0
0,0,0,0,0,0,0,11,288,119,45,14,0,13,33,73,95,125,152,0,0,0,0,0,0,0,0,0
0,0,0,0,0,0,0,13,333,121,49,10,0,10,30,67,88,103,150,0,0,0,0,0,0,0,0,0
0,0,0,0,0,0,0,11,300,129,40,14,0,5,30,53,106,123,141,0,0,0,0,0,0,0,0,0
0,0,0,0,0,0,0,14,315,128,46,7,0,9,33,57,107,114,153,0,0,0,0,0,0,0,0,0
0,0,0,0,0,0,0,5,310,95,42,13,0,9,29,56,99,130,160,0,0,0,0,0,0,0,0,0
0,0,0,0,0,0,0,14,347,123,40,6,0,6,27,47,93,110,150,0,0,0,0,0,0,0,0,0
0,0,0,0,0,0,0,7,324,125,41,8,0,4,27,65,94,127,147,0,0,0,0,0,0,0,0,0
0,0,0,0,0,0,0,9,320,98,53,8,1,6,27,52,89,137,156,0,0,0,0,0,0,0,0,0
0,0,0,0,0,0,0,10,313,114,59,8,0,6,23,65,92,119,151,0,0,0,0,0,0,0,0,0
0,0,0,0,0,0,0,10,314,126,47,6,0,15,27,53,98,125,143,0,0,0,0,0,0,0,0,0
0,0,0,0,0,0,0,6,301,124,61,14,0,7,25,76,91,124,136,0,0,0,0,0,0,0,0,0
0,0,0,0,0,0,0,6,336,123,37,8,0,0,29,64,92,118,158,0,0,0,0,0,0,0,0,0
0,0,0,0,0,0,0,8,328,113,49,11,0,7,20,49,90,121,160,0,0,0,0,0,0,0,0,0
0,0,0,0,0,0,0,5,310,125,47,8,0,4,26,51,91,133,142,0,0,0,0,0,0,0,0,0
0,0,0,0,0,0,0,7,328,119,52,10,0,6,32,60,82,130,144,0,0,0,0,0,0,0,0,0
0,0,0,0,0,0,0,7,316,120,50,8,0,9,21,54,81,127,154,0,0,0,0,0,0,0,0,0
0,0,0,0,0,0,0,10,308,125,59,7,0,11,17,51,105,120,148,0,0,0,0,0,0,0,0,0
0,0,0,0,0,0,0,10,301,127,38,4,0,5,31,57,112,122,146,0,0,0,0,0,0,0,0,0
0,0,0,0,0,0,0,8,309,113,48,10,0,4,22,61,99,109,166,0,0,0,0,0,0,0,0,0
0,0,0,0,0,0,0,13,316,107,51,4,0,11,25,60,102,116,163,0,0,0,0,0,0,0,0,0
0,0,0,0,0,0,0,9,304,130,50,9,0,10,22,60,99,137,135,0,0,0,0,0,0,0,0,0
0,0,0,0,0,0,0,6,320,110,53,12,1,3,31,56,104,113,162,0,0,0,0,0,0,0,0,0
0,0,0,0,0,0,0,9,297,125,48,6,0,11,35,52,98,139,141,0,0,0,0,0,0,0,0,0
0,0,0,0,0,0,0,10,312,134,53,8,0,11,28,53,83,115,162,0,0,0,0,0,0,0,0,0
0,0,0,0,0,0,0,9,334,97,32,11,0,9,32,61,77,125,159,0,0,0,0,0,0,0,0,0
0,0,0,0,0,0,0,11,306,123,46,13,0,11,24,48,78,134,160,0,0,0,0,0,0,0,0,0
0,0,0,0,0,0,0,3,335,137,36,8,0,9,18,49,85,123,162,0,0,0,0,0,0,0,0,0
0,0,0,0,0,0,0,5,329,123,35,5,0,14,31,61,95,133,137,0,0,0,0,0,0,0,0,0
0,0,0,0,0,0,0,7,319,113,42,7,0,11,22,69,88,113,168,0,0,0,0,0,0,0,0,0
0,0,0,0,0,0,0,6,323,118,42,7,0,8,32,51,101,128,143,0,0,0,0,0,0,0,0,0
0,0,0,0,0,0,0,11,313,120,42,6,0,7,27,68,90,134,141,0,0,0,0,0,0,0,0,0
0,0,0,0,0,0,0,21,322,118,43,10,0,11,25,46,90,131,150,0,0,0,0,0,0,0,0,0
0,0,0,0,0,0,0,11,328,105,51,11,0,13,31,49,86,116,148,0,0,0,0,0,0,0,0,0
0,0,0,0,0,0,0,3,300,115,35,8,0,9,27,71,94,135,158,0,0,0,0,0,0,0,0,0
0,0,0,0,0,0,0,10,332,121,51,2,0,6,27,54,73,129,161,0,0,0,0,0,0,0,0,0
0,0,0,0,0,0,0,10,316,140,41,5,0,7,28,65,83,124,157,0,0,0,0,0,0,0,0,0
0,0,0,0,0,0,0,5,322,119,43,6,0,9,20,62,106,124,141,0,0,0,0,0,0,0,0,0
0,0,0,0,0,0,0,14,311,125,35,7,0,9,28,70,90,129,149,0,0,0,0,0,0,0,0,0
0,0,0,0,0,0,0,10,295,121,40,14,0,5,31,54,109,127,154,0,0,0,0,0,0,0,0,0
0,0,0,0,0,0,0,16,362,102,32,9,1,2,33,50,95,120,160,0,0,0,0,0,0,0,0,0
0,0,0,0,0,0,0,12,328,119,45,5,0,7,31,59,80,119,168,0,0,0,0,0,0,0,0,0
0,0,0,0,0,0,0,7,320,119,36,16,0,12,20,72,82,114,157,0,0,0,0,0,0,0,0,0
0,0,0,0,0,0,0,5,300,126,50,12,0,10,29,65,84,113,167,0,0,0,0,0,0,0,0,0
0,0,0,0,0,0,0,14,327,106,52,7,0,7,29,60,81,135,150,0,0,0,0,0,0,0,0,0
0,0,0,0,0,0,0,10,334,119,42,11,0,4,26,47,97,130,135,0,0,0,0,0,0,0,0,0
0,0,0,0,0,0,0,7,320,119,40,3,0,7,37,61,104,142,129,0,0,0,0,0,0,0,0,0
0,0,0,0,0,0,0,16,325,125,40,6,0,10,26,55,96,134,137,0,0,0,0,0,0,0,0,0
0,0,0,0,0,0,0,15,338,107,49,3,0,6,35,43,69,152,152,0,0,0,0,0,0,0,0,0
0,0,0,0,0,0,0,8,329,110,31,9,0,8,39,75,89,141,131,0,0,0,0,0,0,0,0,0
0,0,0,0,0,0,0,8,324,114,55,10,0,7,26,56,88,133,139,0,0,0,0,0,0,0,0,0
0,0,0,0,0,0,0,7,319,122,42,13,0,13,28,55,90,121,136,0,0,0,0,0,0,0,0,0
0,0,0,0,0,0,0,4,302,112,58,15,0,4,23,45,79,136,183,0,0,0,0,0,0,0,0,0
0,0,0,0,0,0,0,6,309,134,54,11,0,8,33,55,79,124,146,0,0,0,0,0,0,0,0,0
0,0,0,0,0,0,0,11,347,103,38,11,0,4,28,55,103,117,151,0,0,0,0,0,0,0,0,0
0,0,0,0,0,0,0,13,297,115,41,10,0,6,41,60,89,145,137,0,0,0,0,0,0,0,0,0
0,0,0,0,0,0,0,8,332,132,38,7,0,9,34,69,93,111,130,0,0,0,0,0,0,0,0,0
0,0,0,0,0,0,0,8,300,119,55,5,0,4,30,54,105,131,138,0,0,0,0,0,0,0,0,0
0,0,0,0,0,0,0,11,316,120,46,7,0,7,21,53,114,131,130,0,0,0,0,0,0,0,0,0
0,0,0,0,0,0,0,11,319,109,52,10,0,7,26,65,80,119,159,0,0,0,0,0,0,0,0,0
0,0,0,0,0,0,0,7,314,105,38,11,0,11,32,51,93,136,156,0,0,0,0,0,0,0,0,0
0,0,0,0,0,0,0,11,334,114,40,9,0,11,25,49,92,128,155,0,0,0,0,0,0,0,0,0
0,0,0,0,0,0,0,6,320,100,53,11,0,6,28,65,90,120,155,0,0,0,0,0,0,0,0,0
0,0,0,0,0,0,0,7,292,124,45,5,0,12,33,55,78,144,158,0,0,0,0,0,0,0,0,0
0,0,0,0,0,0,0,5,316,113,40,6,0,7,26,54,99,122,169,0,0,0,0,0,0,0,0,0
0,0,0,0,0,0,0,15,291,120,44,7,0,5,30,57,96,125,161,0,0,0,0,0,0,0,0,0
