100,100,100,100,100,100,100,100,100,100,100,100,100,100,100,100,100,100,100,100,100,100,100,100,100,100,100,100
0,0,0,0,0,0,0,0,0,0,0,0,182,175,188,182,176,159,186,0,0,0,0,0,0,0,0,0
0,0,0,0,0,0,0,0,0,0,0,0,193,193,183,181,171,173,153,0,0,0,0,0,0,0,0,0
0,0,0,0,0,0,0,0,0,0,0,0,192,178,191,175,179,188,150,0,0,0,0,0,0,0,0,0
0,0,0,0,0,0,0,0,0,0,0,0,187,195,166,189,179,159,174,0,0,0,0,0,0,0,0,0
0,0,0,0,0,0,0,0,0,0,0,0,165,178,169,187,158,196,189,0,0,0,0,0,0,0,0,0
0,0,0,0,0,0,0,0,0,0,0,0,181,186,175,177,188,172,169,0,0,0,0,0,0,0,0,0
0,0,0,0,0,0,0,0,0,0,0,0,205,201,175,174,182,178,136,0,0,0,0,0,0,0,0,0
0,0,0,0,0,0,0,0,0,0,0,0,174,185,187,163,197,169,167,0,0,0,0,0,0,0,0,0
0,0,0,0,0,0,0,0,0,0,0,0,184,194,161,182,179,172,179,0,0,0,0,0,0,0,0,0
0,0,0,0,0,0,0,0,0,0,0,0,154,192,215,176,148,175,185,0,0,0,0,0,0,0,0,0
0,0,0,0,0,0,0,0,0,0,0,0,177,190,182,182,198,167,163,0,0,0,0,0,0,0,0,0
0,0,0,0,0,0,0,0,0,0,0,0,177,174,174,188,180,182,178,0,0,0,0,0,0,0,0,0
0,0,0,0,0,0,0,0,0,0,0,0,195,177,153,189,171,190,169,0,0,0,0,0,0,0,0,0
0,0,0,0,0,0,0,0,0,0,0,1,191,158,176,190,177,170,188,0,0,0,0,0,0,0,0,0
0,0,0,0,0,0,0,0,0,0,0,0,168,176,186,167,177,181,196,0,0,0,0,0,0,0,0,0
0,0,0,0,0,0,0,0,0,0,0,0,198,172,169,199,160,182,164,0,0,0,0,0,0,0,0,0
0,0,0,0,0,0,0,0,0,0,0,0,183,188,183,178,191,149,170,0,0,0,0,0,0,0,0,0
0,0,0,0,0,0,0,0,0,0,0,0,188,183,202,161,185,161,171,0,0,0,0,0,0,0,0,0
0,0,0,0,0,0,0,0,0,0,0,0,195,189,200,184,142,180,162,0,0,0,0,0,0,0,0,0
0,0,0,0,0,0,0,0,0,0,0,0,184,157,183,159,182,185,192,0,0,0,0,0,0,0,0,0
0,0,0,0,0,0,0,0,0,0,0,0,206,171,166,173,170,181,178,0,0,0,0,0,0,0,0,0
0,0,0,0,0,0,0,0,0,0,0,0,173,196,208,161,187,166,158,0,0,0,0,0,0,0,0,0
0,0,0,0,0,0,0,0,0,0,0,0,171,190,176,203,178,171,161,0,0,0,0,0,0,0,0,0
0,0,0,0,0,0,0,0,0,0,0,0,183,180,181,181,178,165,174,0,0,0,0,0,0,0,0,0
0,0,0,0,0,0,0,0,0,0,0,1,175,203,171,173,174,178,172,0,0,0,0,0,0,0,0,0
0,0,0,0,0,0,0,0,0,0,0,0,181,175,171,161,175,204,182,0,0,0,0,0,0,0,0,0
0,0,0,0,0,0,0,0,0,0,0,0,164,176,193,181,177,187,169,0,0,0,0,0,0,0,0,0
0,0,0,0,0,0,0,0,0,0,0,0,181,178,179,175,174,185,172,0,0,0,0,0,0,0,0,0
0,0,0,0,0,0,0,0,0,0,0,0,182,177,179,166,204,162,184,0,0,0,0,0,0,0,0,0
0,0,0,0,0,0,0,0,0,0,0,0,172,158,190,183,172,168,198,0,0,0,0,0,0,0,0,0
0,0,0,0,0,0,0,0,0,0,0,0,169,165,198,170,197,186,164,0,0,0,0,0,0,0,0,0
0,0,0,0,0,0,0,0,0,0,0,1,173,194,194,177,166,161,186,0,0,0,0,0,0,0,0,0
0,0,0,0,0,0,0,0,0,0,0,0,175,207,186,166,176,182,156,0,0,0,0,0,0,0,0,0
0,0,0,0,0,0,0,0,0,0,0,0,170,180,187,195,172,165,178,0,0,0,0,0,0,0,0,0
0,0,0,0,0,0,0,0,0,0,0,0,188,168,190,186,180,164,170,0,0,0,0,0,0,0,0,0
0,0,0,0,0,0,0,0,0,0,0,0,205,159,172,191,179,184,159,0,0,0,0,0,0,0,0,0
0,0,0,0,0,0,0,0,0,0,0,0,193,200,185,193,151,171,162,0,0,0,0,0,0,0,0,0
0,0,0,0,0,0,0,0,0,0,0,0,181,169,186,180,173,176,180,0,0,0,0,0,0,0,0,0
0,0,0,0,0,0,0,0,0,0,0,0,195,167,181,173,175,184,167,0,0,0,0,0,0,0,0,0
0,0,0,0,0,0,0,0,0,0,0,0,187,170,183,183,174,169,187,0,0,0,0,0,0,0,0,0
0,0,0,0,0,0,0,0,0,0,0,0,177,185,167,168,182,173,186,0,0,0,0,0,0,0,0,0
0,0,0,0,0,0,0,0,0,0,0,0,183,164,169,193,194,189,153,0,0,0,0,0,0,0,0,0
0,0,0,0,0,0,0,0,0,0,0,0,171,173,181,169,169,183,202,0,0,0,0,0,0,0,0,0
0,0,0,0,0,0,0,0,0,0,0,0,186,185,185,162,185,178,166,0,0,0,0,0,0,0,0,0
0,0,0,0,0,0,0,0,0,0,0,0,190,159,183,188,188,161,179,0,0,0,0,0,0,0,0,0
0,0,0,0,0,0,0,0,0,0,0,0,184,170,188,162,170,175,188,0,0,0,0,0,0,0,0,0
0,0,0,0,0,0,0,0,0,0,0,0,193,181,186,181,174,149,184,0,0,0,0,0,0,0,0,0
0,0,0,0,0,0,0,0,0,0,0,0,184,176,158,152,170,203,196,0,0,0,0,0,0,0,0,0
0,0,0,0,0,0,0,0,0,0,0,0,176,216,178,181,153,162,180,0,0,0,0,0,0,0,0,0
0,0,0,0,0,0,0,0,0,0,0,0,188,181,190,172,165,178,176,0,0,0,0,0,0,0,0,0
0,0,0,0,0,0,0,0,0,0,0,1,172,193,181,159,178,191,173,0,0,0,0,0,0,0,0,0
0,0,0,0,0,0,0,0,0,0,0,0,176,162,185,182,197,179,158,0,0,0,0,0,0,0,0,0
0,0,0,0,0,0,0,0,0,0,0,0,171,179,179,188,189,154,186,0,0,0,0,0,0,0,0,0
0,0,0,0,0,0,0,0,0,0,1,1,180,198,185,150,160,196,178,0,0,0,0,0,0,0,0,0
0,0,0,0,0,0,0,0,0,0,0,0,179,161,207,182,186,188,138,0,0,0,0,0,0,0,0,0
0,0,0,0,0,0,0,0,0,0,0,0,201,163,180,180,185,179,158,0,0,0,0,0,0,0,0,0
0,0,0,0,0,0,0,0,0,0,0,0,194,182,185,170,180,158,175,0,0,0,0,0,0,0,0,0
0,0,0,0,0,0,0,0,0,0,0,0,191,191,181,180,158,162,188,0,0,0,0,0,0,0,0,0
0,0,0,0,0,0,0,0,0,0,0,0,179,198,197,182,141,170,186,0,0,0,0,0,0,0,0,0
0,0,0,0,0,0,0,0,0,0,0,0,178,188,186,177,174,180,174,0,0,0,0,0,0,0,0,0
0,0,0,0,0,0,0,0,0,0,0,0,192,194,177,182,199,169,140,0,0,0,0,0,0,0,0,0
0,0,0,0,0,0,0,0,0,0,0,0,193,161,164,183,171,203,165,0,0,0,0,0,0,0,0,0
0,0,0,0,0,0,0,0,0,0,0,0,181,183,159,174,199,173,173,0,0,0,0,0,0,0,0,0
0,0,0,0,0,0,0,0,0,0,0,0,194,188,189,157,171,187,160,0,0,0,0,0,0,0,0,0
0,0,0,0,0,0,0,0,0,0,0,0,171,186,183,170,186,173,180,0,0,0,0,0,0,0,0,0
0,0,0,0,0,0,0,0,0,0,0,0,189,180,166,170,189,177,184,0,0,0,0,0,0,0,0,0
0,0,0,0,0,0,0,0,0,0,0,0,185,185,208,165,154,172,180,0,0,0,0,0,0,0,0,0
0,0,0,0,0,0,0,0,0,0,0,0,174,188,184,185,168,166,179,0,0,0,0,0,0,0,0,0
0,0,0,0,0,0,0,0,0,0,0,0,167,180,164,187,177,174,191,0,0,0,0,0,0,0,0,0
0,0,0,0,0,0,0,0,0,0,0,0,163,182,189,170,184,176,179,0,0,0,0,0,0,0,0,0
0,0,0,0,0,0,0,0,0,0,0,0,181,194,181,180,173,176,168,0,0,0,0,0,0,0,0,0
0,0,0,0,0,0,0,0,0,0,0,0,199,165,169,205,183,155,178,0,0,0,0,0,0,0,0,0
0,0,0,0,0,0,0,0,0,0,0,0,189,178,176,189,164,175,174,0,0,0,0,0,0,0,0,0
0,0,0,0,0,0,0,0,0,0,0,0,195,184,163,182,158,190,177,0,0,0,0,0,0,0,0,0
0,0,0,0,0,0,0,0,0,0,0,0,203,158,182,177,153,179,193,0,0,0,0,0,0,0,0,0
0,0,0,0,0,0,0,0,0,0,0,0,178,159,191,151,181,191,195,0,0,0,0,0,0,0,0,0
0,0,0,0,0,0,0,0,0,0,0,0,194,183,175,173,177,176,175,0,0,0,0,0,0,0,0,0
0,0,0,0,0,0,0,0,0,0,0,0,175,192,174,177,190,181,169,0,0,0,0,0,0,0,0,0
0,0,0,0,0,0,0,0,0,0,0,0,176,168,174,190,173,182,173,0,0,0,0,0,0,0,0,0
0,0,0,0,0,0,0,0,0,0,0,0,180,195,165,182,192,165,166,0,0,0,0,0,0,0,0,0
0,0,0,0,0,0,0,0,0,0,0,0,195,166,170,184,188,189,156,0,0,0,0,0,0,0,0,0
0,0,0,0,0,0,0,0,0,0,0,0,170,179,202,191,182,179,152,0,0,0,0,0,0,0,0,0
0,0,0,0,0,0,0,0,0,0,0,0,177,177,158,196,166,180,182,0,0,0,0,0,0,0,0,0
0,0,0,0,0,0,0,0,0,0,0,0,171,206,181,166,170,176,180,0,0,0,0,0,0,0,0,0
0,0,0,0,0,0,0,0,0,0,0,0,189,182,170,166,183,178,181,0,0,0,0,0,0,0,0,0
0,0,0,0,0,0,0,0,0,0,0,0,179,176,205,169,158,190,171,0,0,0,0,0,0,0,0,0
0,0,0,0,0,0,0,0,0,0,0,0,171,180,190,169,175,164,192,0,0,0,0,0,0,0,0,0
0,0,0,0,0,0,0,0,0,0,0,0,194,178,203,178,165,169,162,0,0,0,0,0,0,0,0,0
0,0,0,0,0,0,0,0,0,0,0,0,192,149,135,195,186,180,197,0,0,0,0,0,0,0,0,0
0,0,0,0,0,0,0,0,0,0,0,0,198,177,184,165,194,174,157,0,0,0,0,0,0,0,0,0
0,0,0,0,0,0,0,0,0,0,0,0,177,186,191,174,170,191,160,0,0,0,0,0,0,0,0,0
0,0,0,0,0,0,0,0,0,0,0,0,166,188,175,189,200,162,158,0,0,0,0,0,0,0,0,0
0,0,0,0,0,0,0,0,0,0,0,0,189,172,186,194,169,172,170,0,0,0,0,0,0,0,0,0
0,0,0,0,0,0,0,0,0,0,0,0,160,185,198,175,184,162,187,0,0,0,0,0,0,0,0,0
0,0,0,0,0,0,0,0,0,0,0,0,177,164,187,180,159,182,193,0,0,0,0,0,0,0,0,0
0,0,0,0,0,0,0,0,0,0,0,0,180,191,184,179,178,193,156,0,0,0,0,0,0,0,0,0
0,0,0,0,0,0,0,0,0,0,0,0,181,204,172,189,154,181,164,0,0,0,0,0,0,0,0,0
0,0,0,0,0,0,0,0,0,0,0,0,194,185,166,179,174,178,168,0,0,0,0,0,0,0,0,0
0,0,0,0,0,0,0,0,0,0,0,0,176,175,160,192,192,174,180,0,0,0,0,0,0,0,0,0
0,0,0,0,0,0,0,0,0,0,0,0,193,188,172,190,171,174,164,0,0,0,0,0,0,0,0,0
